4 0.35625 0.4992857142857143 0.13 0.15
0 0.210625 0.6264285714285714 0.02875 0.024285714285714285
4 0.35625 0.4992857142857143 0.13 0.15
0 0.009375 0.6192857142857143 0.01875 0.047142857142857146
6 0.14 0.6907142857142857 0.2725 0.3242857142857143
0 0.171875 0.58 0.04125 0.03428571428571429
0 0.2075 0.63 0.025 0.03428571428571429
7 0.310625 0.7335714285714285 0.35375 0.5442857142857143
2 0.79375 0.20285714285714285 0.0725 0.12857142857142856
0 0.018125 0.5528571428571428 0.02375 0.045714285714285714
