0 0.13125 0.9835714285714285 0.035 0.018571428571428572
6 0.090625 0.7171428571428572 0.17625 0.2914285714285714
0 0.013125 0.6228571428571429 0.01875 0.045714285714285714
4 0.371875 0.425 0.10375 0.15571428571428572
2 0.85125 0.11071428571428571 0.0525 0.08428571428571428
2 0.918125 0.09571428571428571 0.04125 0.045714285714285714
2 0.079375 0.8264285714285714 0.07375 0.04428571428571428
2 0.146875 0.9792857142857143 0.02625 0.024285714285714285
7 0.253125 0.5771428571428572 0.18625 0.20857142857142857
7 0.394375 0.54 0.08375 0.11714285714285715
