4 0.395 0.2 0.2575 0.26857142857142857
3 0.495 0.49857142857142855 0.9825 0.9914285714285714
2 0.84 0.10714285714285714 0.1425 0.15142857142857144
2 0.75125 0.06714285714285714 0.065 0.11714285714285715
2 0.175 0.5185714285714286 0.3475 0.15428571428571428
0 0.070625 0.49642857142857144 0.12875 0.09285714285714286
0 0.18625 0.855 0.07 0.047142857142857146
2 0.215625 0.8785714285714286 0.17375 0.13142857142857142
2 0.041875 0.8507142857142858 0.04875 0.03857142857142857
2 0.078125 0.9078571428571428 0.07875 0.07
