4 0.3875 0.36357142857142855 0.13 0.2042857142857143
0 0.146875 0.23142857142857143 0.15125 0.2257142857142857
3 0.49625 0.49714285714285716 0.9875 0.9885714285714285
2 0.140625 0.37214285714285716 0.08625 0.08142857142857143
2 0.138125 0.465 0.09875 0.11285714285714285
2 0.818125 0.060714285714285714 0.10125 0.11571428571428571
2 0.796875 0.16285714285714287 0.06375 0.08857142857142856
0 0.184375 0.9035714285714286 0.03875 0.03571428571428571
2 0.055 0.6785714285714286 0.0575 0.04857142857142857
2 0.194375 0.7935714285714286 0.11375 0.17285714285714285
