0 0.009375 0.6235714285714286 0.01875 0.047142857142857146
0 0.72 0.13285714285714287 0.065 0.11428571428571428
4 0.3475 0.5078571428571429 0.13 0.15
0 0.009375 0.6235714285714286 0.01875 0.047142857142857146
0 0.225 0.7357142857142858 0.0375 0.02857142857142857
0 0.21125 0.6257142857142857 0.0225 0.03142857142857143
0 0.009375 0.6235714285714286 0.01875 0.047142857142857146
6 0.14 0.6935714285714286 0.2775 0.33
0 0.173125 0.5757142857142857 0.03375 0.022857142857142857
2 0.239375 0.7035714285714286 0.02625 0.027142857142857142
2 0.796875 0.08285714285714285 0.11625 0.13142857142857142
2 0.69875 0.13428571428571429 0.0325 0.11428571428571428
2 0.284375 0.29285714285714287 0.01875 0.022857142857142857
3 0.866875 0.5042857142857143 0.25375 0.9571428571428572
