4 0.36125 0.34 0.405 0.5057142857142857
1 0.079375 0.12785714285714286 0.15875 0.23857142857142857
1 0.205625 0.9435714285714286 0.23875 0.09571428571428571
2 0.825625 0.18 0.09875 0.09428571428571429
2 0.71375 0.585 0.0625 0.15285714285714286
2 0.45 0.7635714285714286 0.1325 0.12428571428571429
2 0.370625 0.8057142857142857 0.04375 0.05142857142857143
0 0.121875 0.7578571428571429 0.10875 0.06142857142857143
0 0.03375 0.7157142857142857 0.0675 0.06285714285714286
3 0.8425 0.49714285714285716 0.2975 0.9771428571428571
3 0.504375 0.8228571428571428 0.97125 0.32571428571428573
