0 0.009375 0.6221428571428571 0.01875 0.047142857142857146
6 0.133125 0.7092857142857143 0.25875 0.2842857142857143
0 0.21 0.63 0.025 0.03428571428571429
2 0.849375 0.22 0.05875 0.09142857142857143
3 0.4975 0.5021428571428571 0.9825 0.9728571428571429
7 0.3175 0.7157142857142857 0.3275 0.5028571428571429
4 0.385625 0.4692857142857143 0.16125 0.15571428571428572
2 0.06 0.8457142857142858 0.0475 0.04
2 0.141875 0.7728571428571429 0.03875 0.022857142857142857
2 0.796875 0.04642857142857143 0.05125 0.07
