4 0.36375 0.535 0.13 0.15
0 0.69625 0.08714285714285715 0.0875 0.11428571428571428
0 0.188125 0.4685714285714286 0.03125 0.05142857142857143
0 0.21625 0.7642857142857142 0.055 0.014285714285714285
6 0.133125 0.7385714285714285 0.25875 0.22
2 0.276875 0.3242857142857143 0.06625 0.05714285714285714
2 0.225625 0.3457142857142857 0.06375 0.05714285714285714
2 0.135 0.3314285714285714 0.075 0.06857142857142857
2 0.3375 0.9021428571428571 0.035 0.05857142857142857
2 0.780625 0.13285714285714287 0.16375 0.26285714285714284
4 0.80375 0.8278571428571428 0.1075 0.33285714285714285
7 0.25875 0.6771428571428572 0.4475 0.5885714285714285
2 0.07875 0.5414285714285715 0.15 0.22285714285714286
2 0.21625 0.5078571428571429 0.15 0.25
2 0.265 0.7285714285714285 0.1225 0.16
2 0.283125 0.8264285714285714 0.04375 0.05857142857142857
2 0.10875 0.8285714285714286 0.09 0.07142857142857142
3 0.8425 0.49857142857142855 0.305 0.9828571428571429
