0 0.211875 0.7628571428571429 0.02625 0.04
0 0.1425 0.7885714285714286 0.0275 0.03428571428571429
0 0.009375 0.6221428571428571 0.01875 0.047142857142857146
6 0.09125 0.7228571428571429 0.175 0.2914285714285714
2 0.87375 0.13142857142857142 0.0475 0.04
0 0.0125 0.6228571428571429 0.02 0.04285714285714286
7 0.35375 0.7071428571428572 0.4175 0.4228571428571429
2 0.21875 0.6071428571428571 0.0425 0.05714285714285714
2 0.30375 0.615 0.035 0.04428571428571428
2 0.17 0.6714285714285714 0.035 0.06
2 0.090625 0.8264285714285714 0.09625 0.09
2 0.521875 0.29928571428571427 0.13125 0.19
2 0.2975 0.885 0.51 0.19857142857142857
2 0.900625 0.185 0.11375 0.08142857142857143
3 0.1575 0.7142857142857143 0.3025 0.34285714285714286
