0 0.009375 0.6221428571428571 0.01875 0.047142857142857146
0 0.2175 0.6242857142857143 0.02 0.025714285714285714
6 0.1325 0.7028571428571428 0.26 0.23714285714285716
2 0.891875 0.19857142857142857 0.10375 0.08571428571428572
3 0.499375 0.4957142857142857 0.97875 0.9857142857142858
0 0.0125 0.6214285714285714 0.02 0.04285714285714286
7 0.319375 0.7285714285714285 0.42875 0.4657142857142857
2 0.141875 0.7728571428571429 0.03125 0.022857142857142857
2 0.065 0.8421428571428572 0.06 0.047142857142857146
2 0.1825 0.9828571428571429 0.05 0.022857142857142857
4 0.38 0.4685714285714286 0.1625 0.1742857142857143
