4 0.3475 0.5078571428571429 0.13 0.15
0 0.210625 0.6264285714285714 0.02875 0.024285714285714285
0 0.22125 0.7357142857142858 0.0375 0.02857142857142857
4 0.3475 0.5078571428571429 0.13 0.15
0 0.009375 0.6221428571428571 0.01875 0.047142857142857146
6 0.13875 0.6935714285714286 0.2775 0.33
0 0.175625 0.5757142857142857 0.04125 0.04
2 0.761875 0.24142857142857144 0.04875 0.09142857142857143
0 0.2075 0.63 0.025 0.03428571428571429
7 0.303125 0.735 0.32625 0.5014285714285714
2 0.35625 0.8478571428571429 0.065 0.05285714285714286
2 0.298125 0.8078571428571428 0.04125 0.047142857142857146
2 0.82375 0.3914285714285714 0.0625 0.06571428571428571
2 0.7725 0.11785714285714285 0.1425 0.15285714285714286
