4 0.363125 0.3707142857142857 0.46625 0.5557142857142857
3 0.49625 0.4942857142857143 0.9825 0.98
2 0.861875 0.175 0.13875 0.22714285714285715
2 0.698125 0.635 0.07375 0.12428571428571429
2 0.75625 0.49642857142857144 0.065 0.14142857142857143
2 0.19875 0.885 0.1025 0.09857142857142857
2 0.095 0.51 0.18 0.1657142857142857
2 0.11875 0.6257142857142857 0.08 0.06
2 0.094375 0.2807142857142857 0.16125 0.05857142857142857
2 0.40375 0.5921428571428572 0.1175 0.047142857142857146
2 0.458125 0.5457142857142857 0.05375 0.045714285714285714
2 0.5625 0.24857142857142858 0.0425 0.1457142857142857
2 0.54875 0.3821428571428571 0.07 0.1357142857142857
2 0.514375 0.47714285714285715 0.06375 0.07142857142857142
2 0.22375 0.5542857142857143 0.0675 0.09714285714285714
2 0.329375 0.8914285714285715 0.07875 0.06
0 0.1275 0.7892857142857143 0.1275 0.07571428571428572
0 0.379375 0.8414285714285714 0.10375 0.045714285714285714
1 0.055 0.1392857142857143 0.1 0.1757142857142857
1 0.183125 0.96 0.20125 0.07714285714285714
0 0.131875 0.9592857142857143 0.07375 0.05857142857142857
