0 0.1325 0.985 0.035 0.018571428571428572
6 0.09 0.7171428571428572 0.1725 0.2857142857142857
2 0.8525 0.11071428571428571 0.0525 0.08428571428571428
4 0.370625 0.425 0.10375 0.15571428571428572
2 0.0725 0.8235714285714286 0.0625 0.05
0 0.10625 0.8242857142857143 0.02 0.022857142857142857
0 0.00875 0.6171428571428571 0.01 0.03428571428571429
7 0.254375 0.5721428571428572 0.17625 0.23285714285714285
7 0.390625 0.5321428571428571 0.08625 0.11
2 0.9225 0.09071428571428572 0.055 0.07
2 0.136875 0.97 0.05625 0.04285714285714286
