4 0.3575 0.4992857142857143 0.13 0.15
0 0.01875 0.5485714285714286 0.0275 0.04857142857142857
0 0.086875 0.84 0.07125 0.045714285714285714
6 0.14 0.6907142857142857 0.2725 0.3242857142857143
0 0.21125 0.6285714285714286 0.025 0.02857142857142857
0 0.1725 0.5757142857142857 0.03 0.03142857142857143
0 0.091875 0.8264285714285714 0.07375 0.047142857142857146
0 0.126875 0.7964285714285714 0.02625 0.032857142857142856
0 0.2075 0.6314285714285715 0.025 0.03428571428571429
2 0.79375 0.2042857142857143 0.08 0.13428571428571429
