4 0.398125 0.35285714285714287 0.13375 0.20857142857142857
0 0.0875 0.6828571428571428 0.045 0.06571428571428571
2 0.0375 0.6192857142857143 0.0475 0.09571428571428571
2 0.13125 0.46 0.03 0.07714285714285714
2 0.78625 0.18214285714285713 0.07 0.16142857142857142
2 0.470625 0.6357142857142857 0.05875 0.045714285714285714
2 0.44875 0.7614285714285715 0.0375 0.06
2 0.1325 0.49785714285714283 0.2625 0.8242857142857143
2 0.195 0.7907142857142857 0.1275 0.17
2 0.070625 0.6792857142857143 0.12875 0.26142857142857145
2 0.32375 0.7021428571428572 0.1475 0.10142857142857142
0 0.31 0.71 0.0775 0.05142857142857143
3 0.49875 0.49714285714285716 0.9925 0.9857142857142858
