4 0.3475 0.5135714285714286 0.13 0.15
0 0.009375 0.6235714285714286 0.01875 0.047142857142857146
0 0.21875 0.7364285714285714 0.04 0.03
0 0.1725 0.5771428571428572 0.035 0.03142857142857143
0 0.21125 0.6257142857142857 0.0275 0.02857142857142857
0 0.265 0.7221428571428572 0.015 0.015714285714285715
0 0.009375 0.6221428571428571 0.01875 0.047142857142857146
6 0.14125 0.6935714285714286 0.2725 0.3242857142857143
2 0.2775 0.30142857142857143 0.02 0.03428571428571429
2 0.78 0.15428571428571428 0.19 0.2914285714285714
0 0.745625 0.13428571428571429 0.04375 0.10857142857142857
