4 0.364375 0.375 0.46625 0.5557142857142857
0 0.123125 0.9471428571428572 0.10625 0.08857142857142856
3 0.501875 0.48714285714285716 0.98625 0.9742857142857143
2 0.0925 0.48 0.175 0.46
2 0.21375 0.5442857142857143 0.07 0.08285714285714285
2 0.339375 0.5964285714285714 0.17125 0.04428571428571428
2 0.445625 0.5564285714285714 0.06625 0.06714285714285714
2 0.563125 0.27785714285714286 0.04125 0.22142857142857142
2 0.5225 0.4514285714285714 0.085 0.16285714285714287
2 0.190625 0.88 0.09375 0.10571428571428572
2 0.32875 0.8835714285714286 0.08 0.06428571428571428
2 0.84875 0.19 0.1225 0.18857142857142858
2 0.751875 0.46214285714285713 0.07125 0.11857142857142858
2 0.716875 0.6114285714285714 0.16125 0.1742857142857143
2 0.921875 0.6564285714285715 0.13875 0.45285714285714285
0 0.131875 0.7907142857142857 0.12875 0.07857142857142857
0 0.375625 0.8378571428571429 0.10625 0.047142857142857146
1 0.075625 0.12785714285714286 0.13625 0.18714285714285714
