4 0.37875 0.235 0.2975 0.33
0 0.056875 0.58 0.11375 0.08285714285714285
0 0.160625 0.6007142857142858 0.09125 0.06428571428571428
0 0.269375 0.6021428571428571 0.12625 0.055714285714285716
2 0.114375 0.5007142857142857 0.22625 0.1442857142857143
2 0.3725 0.5928571428571429 0.075 0.07714285714285714
2 0.746875 0.24142857142857144 0.09125 0.18
2 0.83125 0.11785714285714285 0.0775 0.12428571428571429
2 0.76125 0.07071428571428572 0.045 0.07285714285714286
2 0.719375 0.019285714285714285 0.03625 0.03
3 0.49875 0.4992857142857143 0.9925 0.99
