3 0.5025 0.495 0.985 0.9728571428571429
4 0.37625 0.3392857142857143 0.34 0.3414285714285714
2 0.365625 0.4757142857142857 0.15125 0.05714285714285714
2 0.47875 0.4135714285714286 0.09 0.08428571428571428
2 0.84375 0.145 0.1575 0.12714285714285714
2 0.751875 0.3292857142857143 0.06375 0.09
2 0.740625 0.4514285714285714 0.07875 0.11142857142857143
2 0.68625 0.6007142857142858 0.13 0.1757142857142857
2 0.56625 0.6457142857142857 0.1125 0.12571428571428572
2 0.418125 0.71 0.12875 0.11142857142857143
2 0.11875 0.49214285714285716 0.1775 0.15
2 0.09375 0.24428571428571427 0.175 0.10285714285714286
2 0.1125 0.6771428571428572 0.2175 0.18
0 0.1 0.6692857142857143 0.18 0.09571428571428571
