4 0.365625 0.39357142857142857 0.48625 0.5785714285714286
0 0.193125 0.8771428571428571 0.09625 0.08285714285714285
3 0.499375 0.49785714285714283 0.99375 0.9871428571428571
2 0.8425 0.23285714285714285 0.05 0.11428571428571428
2 0.8475 0.10214285714285715 0.1 0.18428571428571427
2 0.755625 0.545 0.04875 0.07285714285714286
2 0.326875 0.8985714285714286 0.07125 0.06857142857142857
2 0.576875 0.82 0.08875 0.1
2 0.68 0.755 0.09 0.08714285714285715
2 0.486875 0.9285714285714286 0.09375 0.1
1 0.11 0.15714285714285714 0.2125 0.3057142857142857
