4 0.39125 0.43214285714285716 0.115 0.19285714285714287
0 0.220625 0.9657142857142857 0.06125 0.03142857142857143
6 0.1325 0.69 0.29 0.35428571428571426
2 0.109375 0.7035714285714286 0.03125 0.07
2 0.41875 0.4407142857142857 0.035 0.08142857142857143
2 0.37125 0.9578571428571429 0.0475 0.047142857142857146
2 0.133125 0.5864285714285714 0.09875 0.09857142857142857
0 0.075 0.5992857142857143 0.04 0.07857142857142857
3 0.86 0.4992857142857143 0.2775 0.9814285714285714
3 0.136875 0.7214285714285714 0.26875 0.44285714285714284
