3 0.495 0.49642857142857144 0.98 0.9757142857142858
2 0.868125 0.125 0.11625 0.06428571428571428
2 0.80125 0.15714285714285714 0.065 0.07714285714285714
2 0.74875 0.3457142857142857 0.075 0.10571428571428572
2 0.695 0.5392857142857143 0.1225 0.2642857142857143
0 0.695625 0.4992857142857143 0.07875 0.07
0 0.09625 0.6685714285714286 0.19 0.10571428571428572
2 0.101875 0.6885714285714286 0.20375 0.1742857142857143
2 0.080625 0.22071428571428572 0.14625 0.08142857142857143
2 0.385 0.4807142857142857 0.125 0.047142857142857146
2 0.475625 0.41928571428571426 0.07125 0.06428571428571428
2 0.416875 0.7114285714285714 0.09625 0.09714285714285714
2 0.555 0.6528571428571428 0.11 0.11428571428571428
2 0.27125 0.715 0.1275 0.1442857142857143
4 0.37 0.33071428571428574 0.3375 0.3271428571428571
2 0.15375 0.49357142857142855 0.1075 0.10428571428571429
2 0.1 0.4185714285714286 0.155 0.08285714285714285
1 0.1625 0.935 0.1925 0.11
1 0.060625 0.10785714285714286 0.10625 0.13285714285714287
