4 0.35 0.5035714285714286 0.13 0.15
0 0.009375 0.6207142857142857 0.01875 0.047142857142857146
0 0.21 0.6257142857142857 0.0275 0.022857142857142857
0 0.750625 0.1457142857142857 0.05625 0.09142857142857143
4 0.35 0.5035714285714286 0.13 0.15
0 0.009375 0.6207142857142857 0.01875 0.047142857142857146
6 0.13875 0.6921428571428572 0.2775 0.33
0 0.175625 0.5778571428571428 0.02625 0.03571428571428571
2 0.400625 0.85 0.10875 0.02857142857142857
2 0.46625 0.8235714285714286 0.0775 0.03857142857142857
2 0.585 0.5835714285714285 0.0375 0.05857142857142857
0 0.21 0.6328571428571429 0.025 0.03428571428571429
7 0.30625 0.7357142857142858 0.34 0.5228571428571429
2 0.806875 0.11428571428571428 0.09875 0.12285714285714286
2 0.755625 0.18 0.07875 0.18571428571428572
2 0.048125 0.8478571428571429 0.02125 0.024285714285714285
2 0.010625 0.5542857142857143 0.01625 0.037142857142857144
