4 0.37875 0.23642857142857143 0.2975 0.33
3 0.495 0.49357142857142855 0.9875 0.9814285714285714
2 0.7975 0.11571428571428571 0.125 0.12
2 0.759375 0.28214285714285714 0.07875 0.18142857142857144
2 0.62875 0.545 0.1525 0.11
2 0.056875 0.4957142857142857 0.10375 0.10285714285714286
2 0.154375 0.5778571428571428 0.19875 0.06142857142857143
2 0.51875 0.5835714285714285 0.0925 0.10142857142857142
0 0.063125 0.6 0.11375 0.09714285714285714
0 0.223125 0.6335714285714286 0.20125 0.07857142857142857
0 0.364375 0.6292857142857143 0.08375 0.08428571428571428
0 0.45625 0.6121428571428571 0.1025 0.07857142857142857
