6 0.09 0.7178571428571429 0.17 0.2814285714285714
0 0.01125 0.62 0.0175 0.04
2 0.37125 0.8878571428571429 0.0525 0.05857142857142857
2 0.860625 0.565 0.02625 0.07571428571428572
2 0.944375 0.6542857142857142 0.03625 0.07714285714285714
4 0.37625 0.40785714285714286 0.1025 0.15285714285714286
0 0.01 0.6207142857142857 0.015 0.041428571428571426
0 0.13875 0.97 0.0675 0.045714285714285714
2 0.10125 0.8135714285714286 0.045 0.03857142857142857
7 0.258125 0.5785714285714286 0.18125 0.19428571428571428
2 0.823125 0.3435714285714286 0.05625 0.25857142857142856
2 0.886875 0.08571428571428572 0.08375 0.07714285714285714
