4 0.358125 0.35214285714285715 0.40375 0.5042857142857143
4 0.358125 0.35214285714285715 0.40375 0.5042857142857143
2 0.80875 0.19785714285714287 0.0725 0.11285714285714285
2 0.875625 0.15142857142857144 0.10375 0.13428571428571429
2 0.741875 0.03857142857142857 0.06625 0.07428571428571429
2 0.666875 0.6385714285714286 0.08375 0.17714285714285713
2 0.041875 0.7228571428571429 0.07875 0.08
0 0.13375 0.7585714285714286 0.1025 0.07714285714285714
1 0.203125 0.9507142857142857 0.21875 0.08714285714285715
1 0.083125 0.13142857142857142 0.15875 0.24571428571428572
