4 0.3775 0.27 0.325 0.32571428571428573
3 0.495 0.5 0.965 0.9885714285714285
2 0.75625 0.28285714285714286 0.0825 0.15714285714285714
2 0.73625 0.4014285714285714 0.0575 0.08
2 0.79375 0.12071428571428572 0.0725 0.06714285714285714
2 0.636875 0.5507142857142857 0.16125 0.19
2 0.3875 0.39785714285714285 0.085 0.047142857142857146
2 0.475625 0.3457142857142857 0.09125 0.10285714285714286
2 0.10875 0.40285714285714286 0.19 0.13428571428571429
0 0.08 0.5978571428571429 0.1525 0.12714285714285714
0 0.2375 0.6357142857142857 0.165 0.06571428571428571
0 0.360625 0.6271428571428571 0.08125 0.08
0 0.4575 0.6 0.115 0.06285714285714286
2 0.2775 0.6128571428571429 0.5525 0.18571428571428572
