4 0.369375 0.35214285714285715 0.39625 0.4957142857142857
2 0.8925 0.135 0.1075 0.055714285714285716
2 0.549375 0.6914285714285714 0.11125 0.06571428571428571
2 0.26375 0.7371428571428571 0.1 0.07142857142857142
2 0.063125 0.6892857142857143 0.10875 0.1357142857142857
0 0.14625 0.7407142857142858 0.1025 0.06142857142857143
0 0.015 0.6971428571428572 0.03 0.05714285714285714
2 0.668125 0.6107142857142858 0.08375 0.20142857142857143
2 0.7525 0.4085714285714286 0.0475 0.07142857142857142
3 0.873125 0.49714285714285716 0.24875 0.9857142857142858
3 0.498125 0.8328571428571429 0.99375 0.32285714285714284
2 0.8025 0.15 0.045 0.06
