5 0.06271626297577855 0.3081510934393638 0.014705882352941176 0.02186878727634195
5 0.16695501730103807 0.17892644135188868 0.015570934256055362 0.017892644135188866
5 0.23183391003460208 0.323558648111332 0.11072664359861592 0.18986083499005965
5 0.3884083044982699 0.16550695825049702 0.01384083044982699 0.020874751491053677
5 0.4117647058823529 0.14512922465208747 0.02249134948096886 0.017892644135188866
5 0.4883217993079585 0.5596421471172962 0.06314878892733564 0.055666003976143144
5 0.31055363321799306 0.9786282306163022 0.07439446366782007 0.03479125248508946
0 0.2858996539792388 0.05864811133200795 0.014705882352941176 0.015904572564612324
0 0.7136678200692042 0.0437375745526839 0.02768166089965398 0.02584493041749503
0 0.8044982698961938 0.020874751491053677 0.05536332179930796 0.02584493041749503
0 0.8356401384083045 0.03429423459244533 0.012110726643598616 0.004970178926441352
0 0.058823529411764705 0.8777335984095428 0.012110726643598616 0.009940357852882704
0 0.07698961937716263 0.9174950298210736 0.0328719723183391 0.04771371769383698
0 0.6012110726643599 0.739065606361829 0.02249134948096886 0.018886679920477135
0 0.6193771626297578 0.7569582504970179 0.02249134948096886 0.016898608349900597
0 0.5847750865051903 0.7504970178926441 0.00865051903114187 0.007952286282306162
0 0.9269031141868512 0.6332007952286283 0.019896193771626297 0.02385685884691849
0 0.48486159169550175 0.294234592445328 0.045847750865051905 0.02982107355864811
0 0.49178200692041524 0.13320079522862824 0.01124567474048443 0.013916500994035786
0 0.6245674740484429 0.24453280318091453 0.02768166089965398 0.02186878727634195
0 0.6319204152249135 0.27186878727634195 0.007785467128027681 0.010934393638170975
0 0.6557093425605537 0.2634194831013916 0.005190311418685121 0.011928429423459244
0 0.6695501730103807 0.25 0.010380622837370242 0.008946322067594433
0 0.8672145328719724 0.1540755467196819 0.1046712802768166 0.07554671968190854
0 0.9589100346020761 0.1341948310139165 0.03892733564013841 0.06759443339960239
0 0.9900519031141869 0.17395626242544732 0.018166089965397925 0.02385685884691849
0 0.9195501730103807 0.2639165009940358 0.01384083044982699 0.018886679920477135
0 0.9692906574394463 0.28578528827037775 0.01643598615916955 0.032803180914512925
0 0.9891868512110726 0.2982107355864811 0.006055363321799308 0.007952286282306162
0 0.7984429065743944 0.32703777335984097 0.010380622837370242 0.009940357852882704
0 0.26513840830449825 0.24254473161033796 0.007785467128027681 0.009940357852882704
0 0.8105536332179931 0.3508946322067594 0.00865051903114187 0.013916500994035786
0 0.8278546712802768 0.36530815109343934 0.00865051903114187 0.012922465208747515
0 0.9160899653979239 0.18290258449304175 0.01384083044982699 0.013916500994035786
4 0.16349480968858132 0.6595427435387674 0.31141868512110726 0.34493041749502984
