7 0.5006944444444444 0.4279513888888889 0.13472222222222222 0.3489583333333333
0 0.7458333333333333 0.3888888888888889 0.05 0.09027777777777778
0 0.45694444444444443 0.609375 0.030555555555555555 0.03819444444444445
0 0.4597222222222222 0.6927083333333334 0.019444444444444445 0.041666666666666664
0 0.4798611111111111 0.6788194444444444 0.015277777777777777 0.020833333333333332
0 0.4951388888888889 0.7057291666666666 0.009722222222222222 0.019097222222222224
0 0.5222222222222223 0.7439236111111112 0.008333333333333333 0.019097222222222224
0 0.75 0.7690972222222222 0.058333333333333334 0.05555555555555555
0 0.5722222222222222 0.3350694444444444 0.011111111111111112 0.024305555555555556
0 0.5298611111111111 0.3098958333333333 0.006944444444444444 0.019097222222222224
0 0.5284722222222222 0.2743055555555556 0.009722222222222222 0.013888888888888888
0 0.5722222222222222 0.2899305555555556 0.013888888888888888 0.020833333333333332
0 0.56875 0.2604166666666667 0.018055555555555554 0.010416666666666666
0 0.6055555555555555 0.2734375 0.013888888888888888 0.012152777777777778
0 0.7111111111111111 0.3038194444444444 0.025 0.04513888888888889
0 0.6638888888888889 0.2708333333333333 0.016666666666666666 0.017361111111111112
0 0.6986111111111111 0.3723958333333333 0.022222222222222223 0.03298611111111111
0 0.6736111111111112 0.4635416666666667 0.044444444444444446 0.059027777777777776
0 0.6958333333333333 0.53125 0.016666666666666666 0.03819444444444445
0 0.8416666666666667 0.5173611111111112 0.030555555555555555 0.0625
0 0.8534722222222222 0.5850694444444444 0.0125 0.013888888888888888
0 0.8555555555555555 0.609375 0.013888888888888888 0.017361111111111112
0 0.8013888888888889 0.7717013888888888 0.030555555555555555 0.03298611111111111
0 0.7944444444444444 0.6440972222222222 0.03888888888888889 0.03125
0 0.7201388888888889 0.6710069444444444 0.03194444444444444 0.019097222222222224
0 0.6840277777777778 0.6848958333333334 0.029166666666666667 0.022569444444444444
0 0.6416666666666667 0.6631944444444444 0.016666666666666666 0.020833333333333332
0 0.5506944444444445 0.6510416666666666 0.015277777777777777 0.04513888888888889
0 0.56875 0.6545138888888888 0.004166666666666667 0.020833333333333332
0 0.5826388888888889 0.6362847222222222 0.0125 0.029513888888888888
0 0.6083333333333333 0.6310763888888888 0.019444444444444445 0.06076388888888889
0 0.6361111111111111 0.7083333333333334 0.011111111111111112 0.034722222222222224
0 0.6159722222222223 0.6085069444444444 0.0125 0.026041666666666668
0 0.47638888888888886 0.7690972222222222 0.008333333333333333 0.04861111111111111
2 0.8972222222222223 0.7977430555555556 0.030555555555555555 0.036458333333333336
