1 0.12355212355212356 0.17078189300411523 0.16216216216216217 0.2839506172839506
2 0.9131274131274131 0.8621399176954733 0.11196911196911197 0.06995884773662552
2 0.15444015444015444 0.911522633744856 0.23938223938223938 0.0205761316872428
6 0.6428571428571429 0.8127572016460906 0.1583011583011583 0.37448559670781895
0 0.8648648648648649 0.47530864197530864 0.007722007722007722 0.0205761316872428
0 0.8223938223938224 0.6152263374485597 0.007722007722007722 0.0205761316872428
0 0.3918918918918919 0.7386831275720165 0.011583011583011582 0.012345679012345678
0 0.20270270270270271 0.8395061728395061 0.003861003861003861 0.00823045267489712
0 0.416988416988417 0.7510288065843621 0.007722007722007722 0.00411522633744856
0 0.23745173745173745 0.8559670781893004 0.011583011583011582 0.00823045267489712
0 0.2335907335907336 0.8786008230452675 0.003861003861003861 0.00411522633744856
7 0.8474903474903475 0.6090534979423868 0.26640926640926643 0.3374485596707819
4 0.584942084942085 0.4547325102880658 0.14285714285714285 0.21810699588477367
4 0.8166023166023166 0.8477366255144033 0.305019305019305 0.23868312757201646
4 0.3436293436293436 0.8539094650205762 0.416988416988417 0.25102880658436216
