6 0.15153010858835142 0.6244755244755245 0.2754195459032576 0.41818181818181815
0 0.021224086870681145 0.23986013986013985 0.014807502467917079 0.03776223776223776
0 0.2581441263573544 0.16013986013986015 0.024679170779861797 0.02097902097902098
0 0.26061204343534056 0.3118881118881119 0.027640671273445213 0.03076923076923077
0 0.36525172754195456 0.2776223776223776 0.02171767028627838 0.026573426573426574
0 0.17620927936821323 0.44125874125874126 0.02073050345508391 0.026573426573426574
0 0.38795656465942746 0.35734265734265735 0.06120434353405726 0.043356643356643354
0 0.31342546890424483 0.4097902097902098 0.044422507403751234 0.04755244755244755
0 0.2403751233958539 0.4636363636363636 0.018756169792694965 0.02937062937062937
0 0.3899308983218164 0.6384615384615384 0.13425468904244817 0.11888111888111888
0 0.37759131293188547 0.6846153846153846 0.050345508390918066 0.07692307692307693
0 0.3188548864758144 0.7174825174825175 0.017769002961500493 0.019580419580419582
0 0.26061204343534056 0.5825174825174825 0.08687068114511352 0.18321678321678322
0 0.3198420533070089 0.7832167832167832 0.04343534057255676 0.08391608391608392
0 0.3805528134254689 0.8020979020979021 0.02665350444225074 0.01818181818181818
0 0.41609081934846986 0.7881118881118881 0.01678183613030602 0.01818181818181818
0 0.4481737413622902 0.9356643356643357 0.035538005923000986 0.03076923076923077
0 0.35538005923000987 0.8636363636363636 0.019743336623889437 0.01818181818181818
0 0.6954590325765054 0.7153846153846154 0.008884501480750246 0.032167832167832165
0 0.49111549851924974 0.8461538461538461 0.01678183613030602 0.019580419580419582
0 0.48716683119447185 0.8713286713286713 0.012833168805528134 0.013986013986013986
0 0.21076011846001974 0.9090909090909091 0.008884501480750246 0.022377622377622378
0 0.6386969397828233 0.8685314685314686 0.02566633761105627 0.039160839160839164
1 0.043928923988154 0.5818181818181818 0.05824284304047384 0.22657342657342658
