2 0.48633440514469456 0.17701575532900835 0.09163987138263666 0.09082483781278962
2 0.2069935691318328 0.17747914735866543 0.11655948553054662 0.10287303058387395
0 0.20257234726688103 0.3790546802594995 0.05627009646302251 0.057460611677479144
2 0.2315112540192926 0.5092678405931418 0.05144694533762058 0.047265987025023166
2 0.5012057877813505 0.2979610750695088 0.03617363344051447 0.028730305838739572
2 0.8741961414790996 0.8785912882298424 0.03617363344051447 0.03521779425393883
2 0.2865755627009646 0.9856348470806302 0.02491961414790997 0.015755329008341055
2 0.9762861736334405 0.968952734012975 0.021704180064308683 0.023169601482854494
4 0.44614147909967844 0.6584800741427247 0.2797427652733119 0.27710843373493976
3 0.2282958199356913 0.6899907321594069 0.4437299035369775 0.4902687673772011
