7 0.4335219236209335 0.7535211267605634 0.042432814710042434 0.06103286384976526
7 0.6605374823196606 0.5685446009389671 0.09900990099009901 0.08732394366197183
7 0.5495049504950495 0.5136150234741784 0.10325318246110325 0.12582159624413145
2 0.07036775106082037 0.3408450704225352 0.13932107496463933 0.05258215962441314
2 0.039603960396039604 0.20328638497652582 0.07779349363507779 0.05539906103286385
2 0.9603960396039604 0.01737089201877934 0.026874115983026876 0.0215962441314554
5 0.1318953323903819 0.7061032863849765 0.10537482319660538 0.28356807511737087
1 0.7888967468175389 0.2765258215962441 0.30198019801980197 0.543661971830986
1 0.38613861386138615 0.5009389671361503 0.669024045261669 0.996244131455399
1 0.08663366336633663 0.6136150234741784 0.02050919377652051 0.030985915492957747
1 0.17503536067892503 0.7164319248826291 0.010608203677510608 0.05070422535211268
1 0.11916548797736917 0.7366197183098592 0.012022630834512023 0.01971830985915493
1 0.214992927864215 0.6225352112676056 0.01272984441301273 0.028169014084507043
1 0.21852899575671852 0.6784037558685446 0.014144271570014143 0.04225352112676056
1 0.22736916548797736 0.7464788732394366 0.016265912305516265 0.06384976525821597
1 0.24363507779349364 0.8230046948356807 0.013437057991513438 0.01784037558685446
1 0.2804101838755304 0.9065727699530517 0.034653465346534656 0.05727699530516432
1 0.33345120226308345 0.9544600938967136 0.06577086280056577 0.06291079812206572
1 0.34476661951909476 0.892018779342723 0.012022630834512023 0.013145539906103286
1 0.4681753889674682 0.21737089201877935 0.009900990099009901 0.027230046948356807
1 0.1173974540311174 0.860093896713615 0.06082036775106082 0.10140845070422536
1 0.17185289957567185 0.9300469483568075 0.019801980198019802 0.0215962441314554
1 0.23974540311173975 0.9784037558685446 0.06506364922206506 0.03192488262910798
1 0.71004243281471 0.7976525821596244 0.011315417256011316 0.023474178403755867
1 0.7344413012729845 0.8713615023474178 0.12376237623762376 0.1352112676056338
1 0.7694483734087695 0.6788732394366197 0.011315417256011316 0.024413145539906103
1 0.7867751060820368 0.687793427230047 0.006364922206506365 0.014084507042253521
1 0.7966760961810466 0.5145539906103287 0.01485148514851485 0.03192488262910798
