0 0.5276406712734452 0.7076923076923077 0.044422507403751234 0.0951048951048951
0 0.6451135241855873 0.8412587412587412 0.08588351431391905 0.13846153846153847
0 0.3993089832181639 0.2202797202797203 0.1194471865745311 0.16363636363636364
0 0.42398815399802564 0.08531468531468532 0.10760118460019744 0.06153846153846154
0 0.28529121421520237 0.06923076923076923 0.12240868706811452 0.06013986013986014
0 0.228035538005923 0.07552447552447553 0.0631786771964462 0.05034965034965035
0 0.1209279368213228 0.2573426573426573 0.10957551826258638 0.24055944055944056
0 0.9363277393879565 0.4076923076923077 0.01678183613030602 0.06853146853146853
1 0.07897334649555775 0.6650349650349651 0.13228035538005922 0.3902097902097902
6 0.1564659427443238 0.627972027972028 0.2872655478775913 0.46153846153846156
