6 0.17382495948136142 0.6461538461538462 0.2893030794165316 0.4027972027972028
1 0.22893030794165317 0.044755244755244755 0.18719611021069693 0.06153846153846154
2 0.007293354943273906 0.05454545454545454 0.009724473257698542 0.019580419580419582
2 0.01094003241491086 0.13916083916083916 0.017017828200972446 0.02097902097902098
2 0.060777957860615885 0.14055944055944056 0.03565640194489465 0.02097902097902098
2 0.04376012965964344 0.1965034965034965 0.08589951377633712 0.07412587412587412
2 0.07212317666126418 0.34685314685314683 0.1393841166936791 0.05874125874125874
2 0.03079416531604538 0.41748251748251747 0.059967585089141004 0.02097902097902098
0 0.1292544570502431 0.12657342657342657 0.025121555915721232 0.03496503496503497
0 0.2200162074554295 0.22377622377622378 0.05429497568881685 0.04755244755244755
0 0.2994327390599676 0.29790209790209793 0.09319286871961102 0.11188811188811189
0 0.456645056726094 0.9251748251748252 0.02188006482982172 0.032167832167832165
1 0.16491085899513777 0.5132867132867133 0.1774716369529984 0.13706293706293707
4 0.5850891410048622 0.3986013986013986 0.12317666126418152 0.24335664335664337
