0 0.562962962962963 0.5666666666666667 0.06814814814814815 0.08148148148148149
0 0.9866666666666667 0.30092592592592593 0.023703703703703703 0.012962962962962963
0 0.8296296296296296 0.7472222222222222 0.044444444444444446 0.046296296296296294
0 0.6422222222222222 0.8537037037037037 0.028148148148148148 0.044444444444444446
0 0.7681481481481481 0.8277777777777777 0.022222222222222223 0.014814814814814815
0 0.4785185185185185 0.5796296296296296 0.011851851851851851 0.011111111111111112
0 0.6333333333333333 0.6231481481481481 0.013333333333333334 0.020370370370370372
0 0.5088888888888888 0.6148148148148148 0.016296296296296295 0.037037037037037035
0 0.034074074074074076 0.674074074074074 0.011851851851851851 0.007407407407407408
0 0.9896296296296296 0.37407407407407406 0.014814814814814815 0.011111111111111112
2 0.9881481481481481 0.9694444444444444 0.02074074074074074 0.024074074074074074
2 0.022962962962962963 0.9462962962962963 0.04 0.08888888888888889
3 0.5659259259259259 0.6509259259259259 0.5185185185185185 0.5611111111111111
