1 0.1115916955017301 0.18397626112759644 0.21626297577854672 0.35014836795252224
2 0.5367647058823529 0.21068249258160238 0.01643598615916955 0.01582591493570722
2 0.5614186851211073 0.19980217606330367 0.01384083044982699 0.005934718100890208
2 0.5363321799307958 0.3516320474777448 0.029411764705882353 0.020771513353115726
2 0.6323529411764706 0.39020771513353114 0.04325259515570934 0.04451038575667656
2 0.6461937716262975 0.34817012858555885 0.01903114186851211 0.013847675568743818
2 0.9822664359861591 0.5212660731948566 0.03373702422145329 0.0712166172106825
2 0.9013840830449827 0.6132542037586548 0.04325259515570934 0.04154302670623145
2 0.9130622837370242 0.334322453016815 0.04757785467128028 0.03758654797230465
3 0.4987024221453287 0.6711177052423343 0.9852941176470589 0.636003956478734
