0 0.1527777777777778 0.875 0.030555555555555555 0.03819444444444445
0 0.09027777777777778 0.7465277777777778 0.05 0.08680555555555555
7 0.36527777777777776 0.4296875 0.025 0.06770833333333333
7 0.5402777777777777 0.3654513888888889 0.18611111111111112 0.3524305555555556
0 0.425 0.5520833333333334 0.022222222222222223 0.034722222222222224
0 0.7743055555555556 0.2699652777777778 0.0375 0.13020833333333334
0 0.7506944444444444 0.3532986111111111 0.015277777777777777 0.029513888888888888
0 0.7618055555555555 0.4583333333333333 0.07083333333333333 0.11458333333333333
0 0.8826388888888889 0.2630208333333333 0.034722222222222224 0.11284722222222222
0 0.8423611111111111 0.2092013888888889 0.018055555555555554 0.015625
0 0.8277777777777777 0.171875 0.022222222222222223 0.020833333333333332
0 0.7659722222222223 0.11284722222222222 0.020833333333333332 0.06944444444444445
0 0.7986111111111112 0.09461805555555555 0.019444444444444445 0.015625
0 0.8055555555555556 0.13020833333333334 0.022222222222222223 0.017361111111111112
0 0.6791666666666667 0.12413194444444445 0.04722222222222222 0.0920138888888889
0 0.6958333333333333 0.21180555555555555 0.03611111111111111 0.06944444444444445
0 0.8958333333333334 0.3559027777777778 0.03611111111111111 0.03125
0 0.5458333333333333 0.5182291666666666 0.027777777777777776 0.03298611111111111
0 0.6222222222222222 0.5173611111111112 0.022222222222222223 0.04513888888888889
0 0.6875 0.6501736111111112 0.025 0.022569444444444444
0 0.6944444444444444 0.5416666666666666 0.022222222222222223 0.013888888888888888
0 0.6805555555555556 0.4930555555555556 0.022222222222222223 0.020833333333333332
0 0.6909722222222222 0.4166666666666667 0.015277777777777777 0.027777777777777776
0 0.8631944444444445 0.4921875 0.0875 0.1892361111111111
0 0.85625 0.6345486111111112 0.02638888888888889 0.026041666666666668
0 0.8854166666666666 0.7074652777777778 0.06805555555555555 0.08854166666666667
0 0.45625 0.5980902777777778 0.02361111111111111 0.022569444444444444
2 0.8958333333333334 0.796875 0.03333333333333333 0.034722222222222224
