0 0.17301458670988654 0.2692307692307692 0.008914100486223663 0.006993006993006993
0 0.19489465153970825 0.24195804195804196 0.028363047001620744 0.027972027972027972
0 0.11183144246353323 0.2083916083916084 0.04213938411669368 0.06153846153846154
0 0.11790923824959482 0.12237762237762238 0.018638573743922204 0.026573426573426574
1 0.2106969205834684 0.044055944055944055 0.1539708265802269 0.06013986013986014
2 0.01012965964343598 0.055944055944055944 0.017017828200972446 0.03076923076923077
2 0.011345218800648298 0.14125874125874127 0.02106969205834684 0.022377622377622378
2 0.058752025931928686 0.14055944055944056 0.03808752025931929 0.026573426573426574
2 0.04254457050243112 0.1951048951048951 0.08346839546191248 0.07692307692307693
2 0.0713128038897893 0.3475524475524476 0.1393841166936791 0.057342657342657345
2 0.031604538087520256 0.4167832167832168 0.059967585089141004 0.022377622377622378
6 0.18030794165316044 0.6244755244755245 0.29902755267423015 0.42097902097902096
1 0.16369529983792544 0.5643356643356643 0.16531604538087522 0.22517482517482518
1 0.04659643435980551 0.6706293706293707 0.03322528363047002 0.15244755244755245
