2 0.007293354943273906 0.05524475524475524 0.011345218800648298 0.02097902097902098
2 0.011345218800648298 0.13986013986013987 0.019448946515397084 0.016783216783216783
2 0.05956239870340357 0.14195804195804196 0.03646677471636953 0.02097902097902098
2 0.01985413290113452 0.16713286713286712 0.03646677471636953 0.023776223776223775
2 0.02674230145867099 0.22447552447552446 0.050243111831442464 0.02097902097902098
2 0.04092382495948136 0.1944055944055944 0.08022690437601297 0.019580419580419582
2 0.0713128038897893 0.34545454545454546 0.1393841166936791 0.04755244755244755
2 0.029983792544570502 0.41818181818181815 0.05834683954619125 0.019580419580419582
6 0.1746353322528363 0.5979020979020979 0.2909238249594814 0.4433566433566434
1 0.15842787682333873 0.106993006993007 0.21150729335494328 0.1916083916083916
0 0.0526742301458671 0.23006993006993007 0.04376012965964344 0.032167832167832165
0 0.15113452188006482 0.18181818181818182 0.04457050243111831 0.055944055944055944
0 0.19570502431118314 0.23916083916083916 0.07050243111831442 0.1034965034965035
0 0.4080226904376013 0.44265734265734263 0.018638573743922204 0.02937062937062937
0 0.2585089141004862 0.44195804195804195 0.03889789303079417 0.05874125874125874
1 0.11426256077795786 0.6300699300699301 0.1685575364667747 0.3706293706293706
1 0.6426256077795786 0.07272727272727272 0.26580226904376014 0.11748251748251748
0 0.3788492706645057 0.7706293706293706 0.023500810372771474 0.07832167832167833
0 0.343192868719611 0.33076923076923076 0.01539708265802269 0.01818181818181818
