2 0.1525096525096525 0.9135802469135802 0.23552123552123552 0.024691358024691357
2 0.916988416988417 0.8621399176954733 0.10424710424710425 0.06172839506172839
0 0.09073359073359073 0.2222222222222222 0.019305019305019305 0.03292181069958848
0 0.07528957528957529 0.20987654320987653 0.011583011583011582 0.01646090534979424
0 0.8011583011583011 0.24074074074074073 0.02702702702702703 0.0205761316872428
0 0.3841698841698842 0.3683127572016461 0.02702702702702703 0.04526748971193416
0 0.23745173745173745 0.2757201646090535 0.011583011583011582 0.01646090534979424
0 0.19111969111969113 0.29218106995884774 0.011583011583011582 0.00823045267489712
0 0.14671814671814673 0.3271604938271605 0.007722007722007722 0.012345679012345678
0 0.16795366795366795 0.35185185185185186 0.011583011583011582 0.012345679012345678
0 0.18532818532818532 0.3662551440329218 0.007722007722007722 0.01646090534979424
0 0.14864864864864866 0.41975308641975306 0.05791505791505792 0.03292181069958848
0 0.22972972972972974 0.49794238683127573 0.011583011583011582 0.00823045267489712
0 0.20463320463320464 0.5925925925925926 0.023166023166023165 0.024691358024691357
0 0.0694980694980695 0.5843621399176955 0.007722007722007722 0.00823045267489712
0 0.05405405405405406 0.6111111111111112 0.007722007722007722 0.0205761316872428
0 0.28185328185328185 0.5699588477366255 0.007722007722007722 0.00411522633744856
0 0.8204633204633205 0.8436213991769548 0.019305019305019305 0.01646090534979424
0 0.8011583011583011 0.8703703703703703 0.011583011583011582 0.012345679012345678
0 0.47104247104247104 0.8004115226337448 0.0694980694980695 0.053497942386831275
0 0.5077220077220077 0.8518518518518519 0.019305019305019305 0.03292181069958848
0 0.47876447876447875 0.9238683127572016 0.05405405405405406 0.08641975308641975
0 0.832046332046332 0.8600823045267489 0.019305019305019305 0.024691358024691357
0 0.3667953667953668 0.9444444444444444 0.015444015444015444 0.012345679012345678
0 0.2799227799227799 0.6193415637860082 0.019305019305019305 0.012345679012345678
0 0.21814671814671815 0.7613168724279835 0.03474903474903475 0.01646090534979424
0 0.25675675675675674 0.7777777777777778 0.011583011583011582 0.00823045267489712
0 0.20656370656370657 0.8065843621399177 0.011583011583011582 0.0
0 0.2277992277992278 0.8189300411522634 0.007722007722007722 0.00823045267489712
0 0.16216216216216217 0.8374485596707819 0.03861003861003861 0.0205761316872428
0 0.19884169884169883 0.8662551440329218 0.003861003861003861 0.00411522633744856
0 0.2528957528957529 0.8909465020576132 0.07335907335907337 0.02880658436213992
0 0.7722007722007722 0.897119341563786 0.007722007722007722 0.00823045267489712
1 0.7277992277992278 0.3395061728395062 0.0888030888030888 0.08641975308641975
7 0.6505791505791506 0.4176954732510288 0.667953667953668 0.6625514403292181
7 0.19498069498069498 0.35390946502057613 0.11969111969111969 0.12345679012345678
