5 0.24222222222222223 0.875 0.0637037037037037 0.1037037037037037
5 0.5018518518518519 0.7055555555555556 0.14296296296296296 0.12777777777777777
5 0.49148148148148146 0.09722222222222222 0.02148148148148148 0.022222222222222223
5 0.4985185185185185 0.19675925925925927 0.04 0.032407407407407406
5 0.024074074074074074 0.44722222222222224 0.0437037037037037 0.08703703703703704
0 0.42 0.5365740740740741 0.047407407407407405 0.026851851851851852
0 0.45 0.5555555555555556 0.015555555555555555 0.014814814814814815
0 0.5903703703703703 0.46111111111111114 0.01037037037037037 0.009259259259259259
0 0.6225925925925926 0.4444444444444444 0.04666666666666667 0.03888888888888889
0 0.4074074074074074 0.009259259259259259 0.011851851851851851 0.012962962962962963
0 0.3825925925925926 0.07546296296296297 0.02 0.025
0 0.387037037037037 0.1310185185185185 0.00962962962962963 0.012037037037037037
0 0.33 0.09583333333333334 0.00962962962962963 0.01574074074074074
0 0.3748148148148148 0.11990740740740741 0.023703703703703703 0.008333333333333333
0 0.3662962962962963 0.08703703703703704 0.00962962962962963 0.007407407407407408
0 0.2162962962962963 0.2300925925925926 0.016296296296296295 0.021296296296296296
0 0.29518518518518516 0.2763888888888889 0.005185185185185185 0.006481481481481481
0 0.30333333333333334 0.22824074074074074 0.008148148148148147 0.010185185185185186
0 0.17444444444444446 0.6212962962962963 0.008148148148148147 0.009259259259259259
0 0.5381481481481482 0.6726851851851852 0.005185185185185185 0.012037037037037037
0 0.43333333333333335 0.8199074074074074 0.01037037037037037 0.013888888888888888
0 0.40703703703703703 0.8541666666666666 0.008148148148148147 0.010185185185185186
0 0.38925925925925925 0.7972222222222223 0.006666666666666667 0.005555555555555556
0 0.3718518518518519 0.8055555555555556 0.0044444444444444444 0.005555555555555556
0 0.34629629629629627 0.8375 0.006666666666666667 0.008333333333333333
0 0.3337037037037037 0.8643518518518518 0.012592592592592593 0.019444444444444445
0 0.3548148148148148 0.8666666666666667 0.007407407407407408 0.018518518518518517
0 0.3648148148148148 0.8856481481481482 0.011111111111111112 0.008333333333333333
0 0.35 0.8842592592592593 0.003703703703703704 0.005555555555555556
0 0.3340740740740741 0.8810185185185185 0.002962962962962963 0.004629629629629629
0 0.23666666666666666 0.8800925925925925 0.003703703703703704 0.006481481481481481
0 0.22555555555555556 0.8680555555555556 0.005185185185185185 0.006481481481481481
0 0.22407407407407406 0.837037037037037 0.005185185185185185 0.005555555555555556
0 0.22925925925925925 0.8435185185185186 0.006666666666666667 0.003703703703703704
0 0.09592592592592593 0.7199074074074074 0.006666666666666667 0.008333333333333333
0 0.08259259259259259 0.7106481481481481 0.005185185185185185 0.006481481481481481
0 0.07777777777777778 0.6893518518518519 0.02074074074074074 0.017592592592592594
0 0.06 0.6851851851851852 0.005925925925925926 0.005555555555555556
0 0.06222222222222222 0.6476851851851851 0.007407407407407408 0.008333333333333333
0 0.08481481481481482 0.6305555555555555 0.02148148148148148 0.040740740740740744
0 0.10296296296296296 0.6328703703703704 0.005925925925925926 0.006481481481481481
0 0.1025925925925926 0.6157407407407407 0.005185185185185185 0.005555555555555556
0 0.16814814814814816 0.513425925925926 0.005925925925925926 0.008333333333333333
0 0.09777777777777778 0.5541666666666667 0.0044444444444444444 0.006481481481481481
0 0.12481481481481481 0.5277777777777778 0.005185185185185185 0.005555555555555556
0 0.08037037037037037 0.5555555555555556 0.005185185185185185 0.012962962962962963
0 0.07074074074074074 0.7064814814814815 0.005185185185185185 0.007407407407407408
7 0.3 0.47453703703703703 0.01037037037037037 0.012037037037037037
7 0.30925925925925923 0.45925925925925926 0.005185185185185185 0.005555555555555556
7 0.3207407407407407 0.23935185185185184 0.016296296296296295 0.012037037037037037
7 0.292962962962963 0.325 0.017037037037037038 0.012962962962962963
7 0.2974074074074074 0.21666666666666667 0.015555555555555555 0.011111111111111112
7 0.44 0.29212962962962963 0.02074074074074074 0.01574074074074074
7 0.44925925925925925 0.26296296296296295 0.008148148148148147 0.024074074074074074
