2 0.07335907335907337 0.859504132231405 0.138996138996139 0.2809917355371901
2 0.8783783783783784 0.878099173553719 0.10424710424710425 0.07024793388429752
0 0.666023166023166 0.08677685950413223 0.019305019305019305 0.024793388429752067
0 0.7567567567567568 0.34917355371900827 0.06177606177606178 0.06198347107438017
2 0.11776061776061776 0.44214876033057854 0.22007722007722008 0.2644628099173554
2 0.08687258687258688 0.6053719008264463 0.08108108108108109 0.07851239669421488
0 0.9034749034749034 0.6115702479338843 0.06177606177606178 0.09090909090909091
2 0.88996138996139 0.7252066115702479 0.07335907335907337 0.10330578512396695
2 0.8088803088803089 0.6508264462809917 0.11196911196911197 0.15289256198347106
2 0.5714285714285714 0.6776859504132231 0.023166023166023165 0.049586776859504134
0 0.8513513513513513 0.6425619834710744 0.019305019305019305 0.02066115702479339
0 0.8204633204633205 0.6880165289256198 0.019305019305019305 0.05371900826446281
0 0.05791505791505792 0.3677685950413223 0.03861003861003861 0.0743801652892562
0 0.13513513513513514 0.4855371900826446 0.14671814671814673 0.1115702479338843
0 0.11583011583011583 0.41115702479338845 0.03088803088803089 0.028925619834710745
0 0.16602316602316602 0.44008264462809915 0.015444015444015444 0.045454545454545456
0 0.21235521235521235 0.4669421487603306 0.015444015444015444 0.024793388429752067
0 0.07528957528957529 0.5867768595041323 0.02702702702702703 0.03305785123966942
0 0.10810810810810811 0.6115702479338843 0.015444015444015444 0.024793388429752067
0 0.888030888030888 0.7066115702479339 0.05405405405405406 0.04132231404958678
0 0.1891891891891892 0.7830578512396694 0.015444015444015444 0.0371900826446281
0 0.4517374517374517 0.8822314049586777 0.023166023166023165 0.06198347107438017
2 0.019305019305019305 0.6528925619834711 0.023166023166023165 0.09090909090909091
2 0.21621621621621623 0.7871900826446281 0.11583011583011583 0.07024793388429752
2 0.4498069498069498 0.8450413223140496 0.09652509652509653 0.17768595041322313
0 0.5888030888030888 0.9752066115702479 0.13513513513513514 0.049586776859504134
0 0.4111969111969112 0.8202479338842975 0.019305019305019305 0.012396694214876033
0 0.8725868725868726 0.8161157024793388 0.04633204633204633 0.045454545454545456
2 0.3783783783783784 0.14669421487603307 0.05405405405405406 0.028925619834710745
