6 0.21407407407407408 0.762962962962963 0.4162962962962963 0.4703703703703704
0 0.1688888888888889 0.4351851851851852 0.02074074074074074 0.018518518518518517
0 0.06296296296296296 0.33055555555555555 0.013333333333333334 0.016666666666666666
0 0.21555555555555556 0.9861111111111112 0.028148148148148148 0.016666666666666666
0 0.13555555555555557 0.03888888888888889 0.028148148148148148 0.02962962962962963
0 0.08296296296296296 0.10925925925925926 0.008888888888888889 0.007407407407407408
0 0.16962962962962963 0.1 0.05185185185185185 0.040740740740740744
0 0.17555555555555555 0.06481481481481481 0.016296296296296295 0.014814814814814815
0 0.6014814814814815 0.9787037037037037 0.008888888888888889 0.009259259259259259
0 0.5674074074074074 0.5212962962962963 0.02074074074074074 0.03518518518518519
0 0.4 0.3453703703703704 0.05037037037037037 0.09074074074074075
0 0.46814814814814815 0.31203703703703706 0.011851851851851851 0.012962962962962963
0 0.15555555555555556 0.17222222222222222 0.02074074074074074 0.018518518518518517
0 0.30444444444444446 0.2 0.04 0.014814814814814815
0 0.4622222222222222 0.5833333333333334 0.014814814814814815 0.014814814814814815
0 0.5074074074074074 0.6157407407407407 0.01037037037037037 0.009259259259259259
0 0.49333333333333335 0.46574074074074073 0.008888888888888889 0.009259259259259259
0 0.5281481481481481 0.44814814814814813 0.016296296296296295 0.011111111111111112
0 0.36074074074074075 0.12407407407407407 0.013333333333333334 0.014814814814814815
0 0.38074074074074077 0.13703703703703704 0.008888888888888889 0.007407407407407408
0 0.37555555555555553 0.09351851851851851 0.028148148148148148 0.03518518518518519
0 0.3637037037037037 0.05462962962962963 0.013333333333333334 0.009259259259259259
0 0.3385185185185185 0.025925925925925925 0.01037037037037037 0.007407407407407408
0 0.37407407407407406 0.03425925925925926 0.01037037037037037 0.009259259259259259
0 0.31555555555555553 0.17407407407407408 0.008888888888888889 0.007407407407407408
0 0.29333333333333333 0.24351851851851852 0.011851851851851851 0.009259259259259259
0 0.3674074074074074 0.2657407407407407 0.008888888888888889 0.012962962962962963
0 0.4022222222222222 0.287962962962963 0.013333333333333334 0.012962962962962963
0 0.48814814814814816 0.3296296296296296 0.028148148148148148 0.025925925925925925
0 0.47703703703703704 0.3388888888888889 0.011851851851851851 0.011111111111111112
0 0.49407407407407405 0.3527777777777778 0.007407407407407408 0.009259259259259259
0 0.5525925925925926 0.29907407407407405 0.008888888888888889 0.012962962962962963
0 0.5385185185185185 0.2388888888888889 0.01037037037037037 0.014814814814814815
0 0.5481481481481482 0.19074074074074074 0.008888888888888889 0.018518518518518517
0 0.5392592592592592 0.12777777777777777 0.011851851851851851 0.018518518518518517
0 0.422962962962963 0.05740740740740741 0.01037037037037037 0.007407407407407408
0 0.43777777777777777 0.03796296296296296 0.01037037037037037 0.009259259259259259
0 0.3711111111111111 0.012962962962962963 0.007407407407407408 0.007407407407407408
0 0.38222222222222224 0.013888888888888888 0.008888888888888889 0.005555555555555556
0 0.21851851851851853 0.06388888888888888 0.01037037037037037 0.005555555555555556
0 0.21333333333333335 0.009259259259259259 0.02666666666666667 0.007407407407407408
0 0.5533333333333333 0.0824074074074074 0.007407407407407408 0.005555555555555556
0 0.6022222222222222 0.11296296296296296 0.013333333333333334 0.014814814814814815
0 0.6614814814814814 0.1175925925925926 0.013333333333333334 0.009259259259259259
0 0.6222222222222222 0.20555555555555555 0.008888888888888889 0.007407407407407408
1 0.9881481481481481 0.9666666666666667 0.02074074074074074 0.022222222222222223
1 0.1562962962962963 0.8018518518518518 0.26814814814814814 0.3851851851851852
4 0.7392592592592593 0.49444444444444446 0.5037037037037037 0.9777777777777777
