0 0.6083569405099151 0.9455399061032864 0.14589235127478753 0.10328638497652583
2 0.9553824362606232 0.07183098591549296 0.042492917847025496 0.05352112676056338
2 0.06586402266288952 0.33943661971830985 0.13031161473087818 0.02535211267605634
2 0.032577903682719546 0.3657276995305164 0.06232294617563739 0.01971830985915493
2 0.04072237960339943 0.19483568075117372 0.07577903682719547 0.02535211267605634
2 0.024787535410764873 0.22582159624413145 0.043909348441926344 0.023474178403755867
0 0.7546033994334278 0.4971830985915493 0.017705382436260624 0.04976525821596244
0 0.7354815864022662 0.49671361502347416 0.024787535410764873 0.03755868544600939
0 0.7099858356940509 0.4676056338028169 0.016288951841359773 0.020657276995305163
0 0.6908640226628895 0.43896713615023475 0.021954674220963172 0.038497652582159626
0 0.6706798866855525 0.42347417840375584 0.014164305949008499 0.007511737089201878
0 0.6749291784702549 0.40187793427230045 0.012747875354107648 0.015023474178403756
0 0.3838526912181303 0.08215962441314555 0.18555240793201133 0.13802816901408452
0 0.5361189801699717 0.029577464788732393 0.024079320113314446 0.014084507042253521
0 0.45290368271954673 0.13661971830985917 0.03186968838526912 0.06666666666666667
0 0.4968130311614731 0.13051643192488263 0.03895184135977337 0.09389671361502347
0 0.5194759206798867 0.14929577464788732 0.04461756373937677 0.11643192488262911
0 0.49610481586402266 0.24835680751173708 0.020538243626062325 0.0215962441314554
0 0.5336402266288952 0.1863849765258216 0.026203966005665724 0.0647887323943662
0 0.5492209631728046 0.19483568075117372 0.04178470254957507 0.07981220657276995
0 0.6147308781869688 0.2403755868544601 0.032577903682719546 0.09953051643192488
0 0.5325779036827195 0.28779342723004697 0.0113314447592068 0.02535211267605634
0 0.5690509915014165 0.3314553990610329 0.016288951841359773 0.024413145539906103
0 0.5729461756373938 0.27511737089201876 0.0113314447592068 0.016901408450704224
0 0.6002124645892352 0.3431924882629108 0.024787535410764873 0.04225352112676056
0 0.6157932011331445 0.36103286384976524 0.014872521246458924 0.014084507042253521
0 0.6342067988668555 0.37746478873239436 0.016288951841359773 0.018779342723004695
0 0.7071529745042493 0.3816901408450704 0.007790368271954674 0.006572769953051643
0 0.13172804532577903 0.2295774647887324 0.07507082152974505 0.1568075117370892
0 0.11260623229461757 0.20938967136150236 0.049575070821529746 0.10516431924882629
4 0.35729461756373937 0.755868544600939 0.5219546742209632 0.4469483568075117
