7 0.3721590909090909 0.6612595419847328 0.700487012987013 0.6641221374045801
1 0.45332792207792205 0.09923664122137404 0.6696428571428571 0.19274809160305342
0 0.1424512987012987 0.061068702290076333 0.028409090909090908 0.04770992366412214
0 0.7999188311688312 0.09923664122137404 0.05438311688311688 0.030534351145038167
0 0.7098214285714286 0.10591603053435114 0.06412337662337662 0.030534351145038167
0 0.7471590909090909 0.14790076335877864 0.05762987012987013 0.04198473282442748
0 0.8790584415584416 0.09494274809160305 0.01461038961038961 0.05248091603053435
0 0.9314123376623377 0.8172709923664122 0.08847402597402597 0.05057251908396947
0 0.20616883116883117 0.5477099236641222 0.01948051948051948 0.02480916030534351
0 0.21793831168831168 0.7967557251908397 0.020292207792207792 0.026717557251908396
0 0.07224025974025974 0.7771946564885496 0.006493506493506494 0.01049618320610687
0 0.2840909090909091 0.9112595419847328 0.00974025974025974 0.015267175572519083
0 0.26704545454545453 0.9141221374045801 0.008116883116883116 0.011450381679389313
0 0.23863636363636365 0.9188931297709924 0.012987012987012988 0.01717557251908397
0 0.6574675324675324 0.674618320610687 0.006493506493506494 0.011450381679389313
0 0.6895292207792207 0.7280534351145038 0.008928571428571428 0.011450381679389313
0 0.6793831168831169 0.7895992366412213 0.006493506493506494 0.012404580152671756
0 0.6875 0.808206106870229 0.008116883116883116 0.009541984732824428
0 0.6643668831168831 0.6221374045801527 0.008928571428571428 0.011450381679389313
0 0.7061688311688312 0.27576335877862596 0.03409090909090909 0.030534351145038167
0 0.7357954545454546 0.34541984732824427 0.033279220779220776 0.03625954198473282
0 0.7922077922077922 0.3058206106870229 0.048701298701298704 0.09637404580152671
0 0.8165584415584416 0.6822519083969466 0.032467532467532464 0.04389312977099236
0 0.872564935064935 0.6020992366412213 0.017857142857142856 0.05152671755725191
0 0.8267045454545454 0.5162213740458015 0.052759740259740256 0.10305343511450382
0 0.9054383116883117 0.5543893129770993 0.018668831168831168 0.07633587786259542
0 0.7808441558441559 0.43416030534351147 0.06655844155844155 0.03625954198473282
0 0.15219155844155843 0.27099236641221375 0.021915584415584416 0.04007633587786259
4 0.09943181818181818 0.35162213740458015 0.1891233766233766 0.38645038167938933
