0 0.781625441696113 0.9629107981220657 0.019787985865724382 0.04225352112676056
0 0.558303886925795 0.9755868544600939 0.04946996466431095 0.03568075117370892
0 0.5007067137809187 0.9854460093896713 0.02049469964664311 0.023474178403755867
0 0.7176678445229682 0.6948356807511737 0.028975265017667843 0.09953051643192488
0 0.7226148409893993 0.42300469483568076 0.0176678445229682 0.03286384976525822
0 0.2381625441696113 0.03474178403755868 0.07773851590106007 0.06384976525821597
0 0.5229681978798587 0.04788732394366197 0.18091872791519434 0.09014084507042254
0 0.5399293286219081 0.13098591549295774 0.045229681978798585 0.05727699530516432
0 0.49964664310954066 0.17370892018779344 0.07915194346289753 0.13333333333333333
0 0.450530035335689 0.15211267605633802 0.021908127208480566 0.05258215962441314
0 0.5459363957597173 0.2619718309859155 0.01625441696113074 0.013145539906103286
0 0.6915194346289752 0.2821596244131455 0.033215547703180213 0.05352112676056338
0 0.6318021201413427 0.31408450704225355 0.011307420494699646 0.030985915492957747
0 0.6448763250883393 0.43051643192488265 0.01625441696113074 0.06666666666666667
2 0.040282685512367494 0.20328638497652582 0.07632508833922262 0.051643192488262914
2 0.07243816254416961 0.3436619718309859 0.1392226148409894 0.061971830985915494
0 0.9678445229681979 0.24741784037558687 0.012014134275618375 0.03286384976525822
4 0.40035335689045937 0.5309859154929577 0.2579505300353357 0.3483568075117371
4 0.17137809187279152 0.5835680751173709 0.13356890459363957 0.24882629107981222
