1 0.44222222222222224 0.9694444444444444 0.26814814814814814 0.06111111111111111
7 0.20222222222222222 0.3648148148148148 0.3451851851851852 0.362962962962963
7 0.39555555555555555 0.11296296296296296 0.12444444444444444 0.21481481481481482
7 0.56 0.18888888888888888 0.2637037037037037 0.22962962962962963
0 0.39111111111111113 0.10555555555555556 0.017777777777777778 0.011111111111111112
0 0.30592592592592593 0.23425925925925925 0.01037037037037037 0.016666666666666666
0 0.1985185185185185 0.34814814814814815 0.056296296296296296 0.018518518518518517
0 0.2562962962962963 0.33240740740740743 0.023703703703703703 0.012962962962962963
0 0.26666666666666666 0.1685185185185185 0.011851851851851851 0.022222222222222223
0 0.29185185185185186 0.2064814814814815 0.011851851851851851 0.012962962962962963
2 0.9874074074074074 0.9675925925925926 0.022222222222222223 0.027777777777777776
2 0.025185185185185185 0.9416666666666667 0.03851851851851852 0.09074074074074075
3 0.7866666666666666 0.7083333333333334 0.37333333333333335 0.4351851851851852
