1 0.052969502407704656 0.8002780352177943 0.10272873194221509 0.2752548656163114
0 0.4606741573033708 0.9712696941612604 0.0449438202247191 0.03151065801668211
0 0.43780096308186195 0.9272474513438369 0.06821829855537721 0.05282669138090825
0 0.3467094703049759 0.8975903614457831 0.025682182985553772 0.028730305838739572
0 0.37520064205457465 0.8948100092678406 0.02969502407704655 0.03243744207599629
0 0.2411717495987159 0.994902687673772 0.018459069020866775 0.004633920296570899
0 0.022070626003210272 0.24420759962928637 0.024879614767255216 0.09545875810936053
2 0.022873194221508828 0.247451343836886 0.02969502407704655 0.10194624652455977
2 0.4410112359550562 0.6881371640407785 0.015248796147672551 0.012048192771084338
5 0.21869983948635635 0.8642261353104727 0.1115569823434992 0.15291936978683968
6 0.36958266452648475 0.870713623725672 0.28170144462279295 0.2548656163113994
5 0.3057784911717496 0.7706209453197405 0.0593900481540931 0.11214087117701575
7 0.9610754414125201 0.6835032437442076 0.06179775280898876 0.09545875810936053
7 0.848314606741573 0.48887859128822986 0.2102728731942215 0.3623725671918443
5 0.9827447833065811 0.34291010194624655 0.015248796147672551 0.08526413345690455
0 0.36276083467094705 0.5639481000926784 0.009630818619582664 0.008341056533827619
2 0.23314606741573032 0.5634847080630213 0.026484751203852328 0.033364226135310475
0 0.9951845906902087 0.3192771084337349 0.004815409309791332 0.008341056533827619
0 0.8631621187800963 0.5481927710843374 0.0056179775280898875 0.004633920296570899
0 0.8683788121990369 0.556533827618165 0.004815409309791332 0.004633920296570899
0 0.20465489566613163 0.8887859128822985 0.012841091492776886 0.012974976830398516
0 0.20706260032102727 0.9212233549582948 0.016051364365971106 0.020389249304911955
2 0.9751203852327448 0.9684893419833179 0.024077046548956663 0.018535681186283594
4 0.5124398073836276 0.24930491195551435 0.38924558587479935 0.38924930491195553
