0 0.018851756640959727 0.3701171875 0.01713796058269066 0.01953125
0 0.0715509854327335 0.5 0.13110539845758354 0.236328125
0 0.44044558697514996 0.775390625 0.04284490145672665 0.03515625
0 0.3080548414738646 0.8154296875 0.05398457583547558 0.021484375
0 0.21036846615252786 0.84521484375 0.05227077977720651 0.0380859375
0 0.13581833761782347 0.88330078125 0.07112253641816624 0.0341796875
0 0.23821765209940018 0.67724609375 0.12510711225364182 0.0517578125
0 0.29477292202227934 0.94287109375 0.02056555269922879 0.0205078125
2 0.739502999143102 0.1474609375 0.18337617823479005 0.09765625
2 0.7883461868037703 0.78125 0.2210796915167095 0.060546875
2 0.7489288774635818 0.8681640625 0.23821765209940018 0.09375
2 0.26906598114824337 0.79345703125 0.5261353898886033 0.3916015625
2 0.30119965724078834 0.9580078125 0.06940874035989718 0.06640625
2 0.0702656383890317 0.53564453125 0.1319622964867181 0.2998046875
2 0.01456726649528706 0.365234375 0.018851756640959727 0.017578125
2 0.3744644387317909 0.95703125 0.0702656383890317 0.068359375
