0 0.8603256212510711 0.87255859375 0.11139674378748929 0.1064453125
0 0.8594687232219366 0.26171875 0.23307626392459296 0.365234375
2 0.3718937446443873 0.4755859375 0.7386461011139674 0.646484375
0 0.41216795201371037 0.69091796875 0.0702656383890317 0.0908203125
2 0.1713796058269066 0.04052734375 0.06855184233076264 0.0517578125
2 0.35347043701799485 0.02734375 0.04884318766066838 0.03515625
0 0.07197943444730077 0.17431640625 0.13024850042844902 0.0986328125
0 0.35389888603256214 0.25537109375 0.01713796058269066 0.0166015625
0 0.3144815766923736 0.29248046875 0.05312767780634105 0.0693359375
0 0.4995715509854327 0.57080078125 0.022279348757497857 0.0126953125
0 0.5441302485004285 0.66748046875 0.04113110539845758 0.2060546875
0 0.4241645244215938 0.69970703125 0.03427592116538132 0.0439453125
0 0.3033419023136247 0.1640625 0.00856898029134533 0.0078125
0 0.43787489288774634 0.3798828125 0.02056555269922879 0.0234375
0 0.2210796915167095 0.447265625 0.4284490145672665 0.177734375
0 0.16066838046272494 0.57373046875 0.0779777206512425 0.0791015625
0 0.2527849185946872 0.61181640625 0.056555269922879174 0.0673828125
0 0.3217652099400171 0.646484375 0.06255355612682091 0.04296875
0 0.35904027420736934 0.5966796875 0.015424164524421594 0.021484375
2 0.2133676092544987 0.6865234375 0.02570694087403599 0.03515625
2 0.27335047129391604 0.08154296875 0.044558697514995714 0.0732421875
2 0.3461868037703513 0.125 0.06512425021422451 0.162109375
2 0.5167095115681234 0.03955078125 0.05998286203941731 0.0537109375
2 0.6979434447300771 0.064453125 0.05912596401028278 0.056640625
2 0.49271636675235647 0.23779296875 0.21422450728363324 0.0810546875
2 0.3967437874892888 0.19677734375 0.027420736932305057 0.0244140625
0 0.1726649528706084 0.21630859375 0.02313624678663239 0.0400390625
0 0.05269922879177378 0.55810546875 0.024850042844901457 0.0166015625
