2 0.09244372990353698 0.3123262279888786 0.05144694533762058 0.05931417979610751
2 0.7037781350482315 0.4425393883225209 0.0409967845659164 0.15848007414272475
2 0.9883440514469454 0.27571825764596847 0.021704180064308683 0.06209453197405004
2 0.9332797427652733 0.32808155699721964 0.13344051446945338 0.17608897126969417
2 0.9453376205787781 0.4986098239110287 0.10610932475884244 0.23354958294717332
2 0.819935691318328 0.5797034291010195 0.09967845659163987 0.0732159406858202
2 0.4919614147909968 0.7173308619091752 0.03215434083601286 0.03892493049119555
2 0.627411575562701 0.7122335495829472 0.053858520900321546 0.047265987025023166
2 0.5932475884244373 0.897126969416126 0.02572347266881029 0.022242817423540315
5 0.6229903536977492 0.9008341056533827 0.1045016077170418 0.14087117701575533
6 0.4457395498392283 0.8276181649675626 0.4220257234726688 0.3373493975903614
0 0.4967845659163987 0.6278962001853569 0.05144694533762058 0.03429101019462465
0 0.682475884244373 0.8438368860055607 0.02090032154340836 0.030583873957367932
2 0.6137459807073955 0.7571825764596849 0.06993569131832797 0.05931417979610751
2 0.5627009646302251 0.8795180722891566 0.03054662379421222 0.057460611677479144
2 0.6692122186495176 0.6538461538461539 0.07315112540192927 0.0917516218721038
2 0.715032154340836 0.8220574606116775 0.021704180064308683 0.03151065801668211
0 0.5265273311897106 0.8568118628359592 0.07717041800643087 0.06209453197405004
0 0.6547427652733119 0.9087117701575533 0.03135048231511254 0.026876737720111215
0 0.5811897106109325 0.8721037998146431 0.04662379421221865 0.029657089898053754
0 0.40192926045016075 0.953660797034291 0.04180064308681672 0.04819277108433735
0 0.5188906752411575 0.9365152919369787 0.03295819935691318 0.03429101019462465
0 0.5494372990353698 0.6858202038924931 0.04260450160771704 0.029657089898053754
0 0.9039389067524116 0.33781278962001854 0.04581993569131833 0.04541241890639481
0 0.934887459807074 0.5329008341056534 0.06109324758842444 0.16126042632066728
0 0.9738745980707395 0.4759036144578313 0.04742765273311897 0.06950880444856349
0 0.8557073954983923 0.5829471733086191 0.016881028938906754 0.024096385542168676
0 0.5771704180064309 0.989805375347544 0.03054662379421222 0.018535681186283594
2 0.22869774919614147 0.6501390176088971 0.452572347266881 0.21037998146431883
2 0.9738745980707395 0.968952734012975 0.02491961414790997 0.023169601482854494
4 0.21663987138263666 0.7979610750695088 0.3963022508038585 0.35588507877664505
