5 0.41834271922767496 0.654772937905468 0.05631536604987932 0.056533827618164965
5 0.6158487530168946 0.3841519925857275 0.039420756234915526 0.14921223354958293
5 0.6259050683829445 0.540778498609824 0.02091713596138375 0.028730305838739572
5 0.7570394207562349 0.608433734939759 0.019308125502815767 0.025023169601482854
2 0.5679806918744972 0.10936051899907322 0.03378921962992759 0.018535681186283594
2 0.590104585679807 0.09036144578313253 0.010458567980691875 0.010194624652455977
2 0.587691069991955 0.05885078776645042 0.036202735317779566 0.015755329008341055
2 0.6114239742558326 0.0319740500463392 0.04505229283990346 0.037998146431881374
2 0.7550281576830249 0.017608897126969416 0.03459372485921158 0.03151065801668211
0 0.7980691874497184 0.1524559777571826 0.014481094127111826 0.021316033364226137
0 0.8708769106999196 0.1742354031510658 0.0667739340305712 0.07970342910101946
0 0.8395012067578439 0.3405931417979611 0.013676588897827836 0.028730305838739572
0 0.8628318584070797 0.3489341983317887 0.007240547063555913 0.012048192771084338
0 0.8885760257441674 0.3563484708063021 0.031375703942075624 0.017608897126969416
0 0.913515687851971 0.3359592215013902 0.008849557522123894 0.012048192771084338
0 0.9207562349155269 0.39202965708989806 0.07803700724054706 0.07970342910101946
0 0.9670152855993563 0.38461538461538464 0.012872083668543845 0.03151065801668211
0 0.9730490748189863 0.3526413345690454 0.010458567980691875 0.013901760889712697
0 0.8829444891391794 0.6793327154772938 0.010458567980691875 0.024096385542168676
0 0.9279967819790829 0.7247451343836886 0.02333065164923572 0.05004633920296571
0 0.9477071600965407 0.7812789620018535 0.0498793242156074 0.03892493049119555
2 0.9251810136765889 0.6589434661723819 0.09814963797264682 0.06672845227062095
2 0.915929203539823 0.705746061167748 0.12308930008045052 0.08619091751621873
2 0.9368463395012068 0.7974976830398517 0.08608205953338696 0.11584800741427248
0 0.8909895414320194 0.571825764596849 0.012067578439259855 0.011121408711770158
0 0.8974255832662912 0.6139944392956441 0.010458567980691875 0.012048192771084338
0 0.9235720032180209 0.2761816496756256 0.009654062751407884 0.011121408711770158
0 0.7574416733708769 0.2196478220574606 0.008849557522123894 0.011121408711770158
2 0.6452131938857603 0.31881371640407785 0.011263073209975865 0.016682113067655237
2 0.9762670957361222 0.9680259499536608 0.02172164119066774 0.023169601482854494
