0 0.33125 0.03819444444444445 0.03194444444444444 0.020833333333333332
0 0.475 0.034722222222222224 0.022222222222222223 0.013888888888888888
0 0.6506944444444445 0.07899305555555555 0.04027777777777778 0.036458333333333336
0 0.6048611111111111 0.07899305555555555 0.02361111111111111 0.019097222222222224
0 0.5951388888888889 0.09722222222222222 0.020833333333333332 0.013888888888888888
0 0.7909722222222222 0.0859375 0.018055555555555554 0.019097222222222224
0 0.8201388888888889 0.1362847222222222 0.06805555555555555 0.046875
0 0.7625 0.125 0.022222222222222223 0.027777777777777776
0 0.7569444444444444 0.14756944444444445 0.016666666666666666 0.017361111111111112
0 0.7388888888888889 0.18663194444444445 0.027777777777777776 0.029513888888888888
0 0.5902777777777778 0.1623263888888889 0.019444444444444445 0.012152777777777778
0 0.9138888888888889 0.3029513888888889 0.022222222222222223 0.019097222222222224
0 0.7291666666666666 0.2855902777777778 0.016666666666666666 0.019097222222222224
0 0.5611111111111111 0.3064236111111111 0.019444444444444445 0.015625
0 0.6444444444444445 0.2838541666666667 0.016666666666666666 0.015625
0 0.8430555555555556 0.3862847222222222 0.025 0.012152777777777778
0 0.7895833333333333 0.703125 0.04027777777777778 0.04861111111111111
0 0.8590277777777777 0.8029513888888888 0.020833333333333332 0.029513888888888888
0 0.8048611111111111 0.7621527777777778 0.03194444444444444 0.017361111111111112
0 0.8618055555555556 0.8802083333333334 0.015277777777777777 0.024305555555555556
0 0.8381944444444445 0.9166666666666666 0.018055555555555554 0.04861111111111111
0 0.71875 0.7517361111111112 0.020833333333333332 0.024305555555555556
0 0.5270833333333333 0.7673611111111112 0.018055555555555554 0.020833333333333332
0 0.70625 0.2074652777777778 0.02638888888888889 0.015625
0 0.8736111111111111 0.1501736111111111 0.03333333333333333 0.03298611111111111
7 0.44930555555555557 0.2326388888888889 0.2708333333333333 0.4097222222222222
2 0.8951388888888889 0.7994791666666666 0.03194444444444444 0.036458333333333336
