0 0.7412451361867705 0.46458333333333335 0.04669260700389105 0.041666666666666664
0 0.31712062256809337 0.44479166666666664 0.03501945525291829 0.035416666666666666
0 0.39883268482490275 0.49583333333333335 0.03501945525291829 0.0375
0 0.3657587548638132 0.51875 0.0311284046692607 0.025
0 0.36089494163424124 0.41770833333333335 0.013618677042801557 0.01875
0 0.6459143968871596 0.328125 0.10116731517509728 0.10625
0 0.7762645914396887 0.4979166666666667 0.0622568093385214 0.0875
0 0.8268482490272373 0.6270833333333333 0.027237354085603113 0.16666666666666666
0 0.7937743190661478 0.6145833333333334 0.01556420233463035 0.020833333333333332
0 0.7062256809338522 0.6635416666666667 0.019455252918287938 0.01875
0 0.6332684824902723 0.396875 0.017509727626459144 0.027083333333333334
0 0.5992217898832685 0.43333333333333335 0.023346303501945526 0.020833333333333332
0 0.4883268482490272 0.478125 0.019455252918287938 0.01875
0 0.48735408560311283 0.446875 0.021400778210116732 0.010416666666666666
0 0.5447470817120622 0.4635416666666667 0.01556420233463035 0.01875
0 0.3959143968871595 0.44895833333333335 0.009727626459143969 0.010416666666666666
0 0.5515564202334631 0.38333333333333336 0.06809338521400778 0.175
5 0.35700389105058367 0.7197916666666667 0.1614785992217899 0.15208333333333332
5 0.5554474708171206 0.7979166666666667 0.029182879377431907 0.029166666666666667
5 0.6867704280155642 0.934375 0.07392996108949416 0.11875
2 0.13618677042801555 0.9739583333333334 0.23735408560311283 0.035416666666666666
2 0.3540856031128405 0.9729166666666667 0.14396887159533073 0.0375
2 0.010700389105058366 0.9375 0.013618677042801557 0.029166666666666667
2 0.042801556420233464 0.05520833333333333 0.08171206225680934 0.035416666666666666
