2 0.03851590106007067 0.1892018779342723 0.07420494699646643 0.0215962441314554
2 0.025795053003533568 0.21690140845070421 0.045936395759717315 0.020657276995305163
2 0.06819787985865725 0.32910798122065726 0.13356890459363957 0.0215962441314554
2 0.013780918727915195 0.35774647887323946 0.024734982332155476 0.018779342723004695
2 0.051590106007067135 0.35774647887323946 0.0353356890459364 0.018779342723004695
0 0.14346289752650176 0.0812206572769953 0.014134275618374558 0.01596244131455399
0 0.5169611307420495 0.04788732394366197 0.22120141342756183 0.09014084507042254
0 0.4706713780918728 0.08028169014084507 0.0833922261484099 0.09671361502347418
0 0.5201413427561837 0.1107981220657277 0.04240282685512368 0.0431924882629108
0 0.5222614840989399 0.14131455399061033 0.009893992932862191 0.012206572769953052
0 0.503886925795053 0.13896713615023473 0.011307420494699646 0.009389671361502348
0 0.5692579505300354 0.09248826291079812 0.040282685512367494 0.036619718309859155
0 0.603886925795053 0.12394366197183099 0.033215547703180213 0.03004694835680751
0 0.6 0.16291079812206571 0.02685512367491166 0.01784037558685446
0 0.5703180212014134 0.176056338028169 0.011307420494699646 0.012206572769953052
0 0.5413427561837456 0.1892018779342723 0.04240282685512368 0.02535211267605634
0 0.4886925795053004 0.19483568075117372 0.040282685512367494 0.030985915492957747
0 0.5144876325088339 0.28544600938967135 0.039575971731448764 0.04131455399061033
0 0.703886925795053 0.3568075117370892 0.03816254416961131 0.17464788732394365
0 0.7575971731448763 0.3699530516431925 0.011307420494699646 0.0431924882629108
0 0.6120141342756183 0.2990610328638498 0.008480565371024734 0.010328638497652582
0 0.6035335689045936 0.3220657276995305 0.011307420494699646 0.020657276995305163
0 0.5932862190812721 0.3910798122065728 0.0558303886925795 0.044131455399061034
0 0.5540636042402827 0.4089201877934272 0.009893992932862191 0.012206572769953052
0 0.5706713780918727 0.42863849765258216 0.014840989399293287 0.012206572769953052
0 0.5508833922261485 0.45117370892018777 0.01342756183745583 0.012206572769953052
0 0.669964664310954 0.4300469483568075 0.019787985865724382 0.03380281690140845
0 0.7229681978798587 0.42065727699530514 0.011307420494699646 0.028169014084507043
0 0.7109540636042403 0.4516431924882629 0.011307420494699646 0.011267605633802818
0 0.598939929328622 0.43051643192488265 0.012014134275618375 0.012206572769953052
0 0.5925795053003533 0.468075117370892 0.009187279151943463 0.012206572769953052
0 0.7628975265017668 0.42769953051643195 0.0063604240282685515 0.012206572769953052
0 0.7438162544169611 0.3835680751173709 0.0063604240282685515 0.014084507042253521
0 0.7346289752650177 0.3957746478873239 0.0077738515901060075 0.01596244131455399
0 0.7332155477031802 0.5586854460093896 0.0077738515901060075 0.020657276995305163
0 0.7045936395759718 0.5765258215962441 0.019787985865724382 0.020657276995305163
0 0.4851590106007067 0.5784037558685446 0.02756183745583039 0.028169014084507043
0 0.5537102473498233 0.652112676056338 0.06431095406360424 0.13051643192488263
0 0.6431095406360424 0.6380281690140845 0.111660777385159 0.16619718309859155
0 0.5318021201413428 0.67981220657277 0.058657243816254416 0.061971830985915494
0 0.4816254416961131 0.6230046948356808 0.03462897526501767 0.04225352112676056
0 0.49363957597173147 0.6647887323943662 0.014840989399293287 0.020657276995305163
0 0.4784452296819788 0.6821596244131456 0.009893992932862191 0.010328638497652582
0 0.44982332155477034 0.7070422535211267 0.08692579505300353 0.04507042253521127
0 0.296113074204947 0.9422535211267605 0.14558303886925794 0.10985915492957747
0 0.32791519434628974 0.8619718309859155 0.052296819787985865 0.05821596244131456
0 0.4159010600706714 0.9624413145539906 0.0176678445229682 0.011267605633802818
0 0.4604240282685512 0.812206572769953 0.0303886925795053 0.024413145539906103
0 0.4519434628975265 0.8863849765258216 0.026148409893992933 0.03755868544600939
0 0.5353356890459364 0.747887323943662 0.014840989399293287 0.01596244131455399
0 0.5010600706713781 0.7136150234741784 0.012720848056537103 0.015023474178403756
0 0.47985865724381627 0.9046948356807512 0.012720848056537103 0.01784037558685446
0 0.492226148409894 0.9154929577464789 0.012014134275618375 0.013145539906103286
0 0.6035335689045936 0.8807511737089202 0.22190812720848058 0.23286384976525823
0 0.7007067137809188 0.9267605633802817 0.01342756183745583 0.013145539906103286
0 0.7123674911660778 0.6 0.011307420494699646 0.015023474178403756
0 0.5084805653710247 0.7821596244131456 0.01060070671378092 0.007511737089201878
0 0.49045936395759715 0.8154929577464789 0.008480565371024734 0.01784037558685446
0 0.6388692579505301 0.7713615023474178 0.008480565371024734 0.010328638497652582
0 0.25053003533568907 0.8746478873239436 0.0077738515901060075 0.010328638497652582
0 0.6791519434628975 0.8248826291079813 0.012720848056537103 0.02910798122065728
0 0.7060070671378091 0.8032863849765258 0.008480565371024734 0.006572769953051643
0 0.5636042402826855 0.6323943661971831 0.01060070671378092 0.014084507042253521
4 0.14240282685512368 0.4868544600938967 0.1363957597173145 0.4291079812206573
