0 0.31638696939782823 0.5209790209790209 0.03257650542941757 0.023776223776223775
0 0.5779861796643633 0.2993006993006993 0.028627838104639685 0.03636363636363636
0 0.46890424481737414 0.2692307692307692 0.023692003948667325 0.026573426573426574
0 0.9540967423494571 0.45314685314685316 0.03652517275419546 0.2041958041958042
0 0.6135241855873642 0.032167832167832165 0.05231984205330701 0.03636363636363636
1 0.09674234945705824 0.6034965034965035 0.16781836130306022 0.4041958041958042
6 0.20138203356367226 0.5545454545454546 0.3751233958538993 0.5076923076923077
0 0.16090819348469892 0.21188811188811188 0.2527147087857848 0.3902097902097902
0 0.26702862783810466 0.18041958041958042 0.01678183613030602 0.027972027972027972
0 0.39486673247778875 0.34335664335664334 0.009871668311944718 0.02097902097902098
4 0.6697926949654491 0.5545454545454546 0.21618953603158933 0.2951048951048951
4 0.37462981243830207 0.8671328671328671 0.25567620927936824 0.22937062937062938
