7 0.3532818532818533 0.51440329218107 0.305019305019305 0.40329218106995884
2 0.5463320463320464 0.11522633744855967 0.9073359073359073 0.18106995884773663
2 0.41505791505791506 0.43621399176954734 0.6911196911196911 0.3292181069958848
2 0.3590733590733591 0.8724279835390947 0.07722007722007722 0.09053497942386832
2 0.7606177606177607 0.33539094650205764 0.19305019305019305 0.3991769547325103
2 0.5424710424710425 0.7777777777777778 0.04247104247104247 0.03292181069958848
1 0.11003861003861004 0.21810699588477367 0.13513513513513514 0.10699588477366255
2 0.1583011583011583 0.9135802469135802 0.23938223938223938 0.03292181069958848
2 0.915057915057915 0.8641975308641975 0.10038610038610038 0.06584362139917696
6 0.638996138996139 0.8518518518518519 0.17374517374517376 0.2880658436213992
0 0.7142857142857143 0.3662551440329218 0.015444015444015444 0.024691358024691357
0 0.7162162162162162 0.43621399176954734 0.04247104247104247 0.09053497942386832
0 0.7316602316602316 0.4506172839506173 0.011583011583011582 0.02880658436213992
0 0.5308880308880309 0.5555555555555556 0.03474903474903475 0.0411522633744856
0 0.49034749034749037 0.5740740740740741 0.03861003861003861 0.0205761316872428
0 0.18532818532818532 0.4732510288065844 0.007722007722007722 0.00823045267489712
0 0.35714285714285715 0.4094650205761317 0.06563706563706563 0.06172839506172839
0 0.361003861003861 0.4897119341563786 0.011583011583011582 0.00823045267489712
0 0.35714285714285715 0.5185185185185185 0.05019305019305019 0.03292181069958848
4 0.138996138996139 0.6090534979423868 0.16988416988416988 0.551440329218107
