6 0.15842787682333873 0.6020979020979021 0.260129659643436 0.4405594405594406
1 0.3087520259319287 0.14405594405594405 0.5575364667747164 0.2601398601398601
1 0.11021069692058347 0.6034965034965035 0.15883306320907617 0.3622377622377622
2 0.009319286871961102 0.057342657342657345 0.01539708265802269 0.027972027972027972
2 0.012560777957860616 0.14195804195804196 0.02188006482982172 0.026573426573426574
2 0.058752025931928686 0.13916083916083916 0.03646677471636953 0.02097902097902098
2 0.0320097244732577 0.193006993006993 0.06239870340356564 0.07832167832167833
2 0.07252836304700162 0.3475524475524476 0.14019448946515398 0.06013986013986014
2 0.02957860615883306 0.41748251748251747 0.055915721231766614 0.023776223776223775
4 0.56645056726094 0.3594405594405594 0.16531604538087522 0.27692307692307694
3 0.1705834683954619 0.5832167832167832 0.2779578606158833 0.49230769230769234
3 0.6110210696920584 0.5048951048951049 0.6790923824959482 0.9734265734265735
