0 0.1420494699646643 0.0812206572769953 0.012720848056537103 0.01971830985915493
0 0.22120141342756183 0.13849765258215962 0.10459363957597173 0.08544600938967137
0 0.2939929328621908 0.11643192488262911 0.03250883392226148 0.024413145539906103
0 0.3636042402826855 0.10751173708920188 0.1137809187279152 0.168075117370892
0 0.598939929328622 0.0647887323943662 0.02756183745583039 0.03004694835680751
0 0.5717314487632509 0.084037558685446 0.022614840989399292 0.0215962441314554
0 0.35300353356890457 0.2708920187793427 0.040282685512367494 0.036619718309859155
0 0.49929328621908126 0.11455399061032864 0.0558303886925795 0.028169014084507043
0 0.4120141342756184 0.3502347417840376 0.02685512367491166 0.02629107981220657
0 0.29964664310954064 0.9788732394366197 0.028268551236749116 0.023474178403755867
0 0.357243816254417 0.9835680751173709 0.024734982332155476 0.023474178403755867
0 0.41024734982332156 0.9187793427230047 0.023321554770318022 0.012206572769953052
0 0.5978798586572438 0.9539906103286385 0.02120141342756184 0.013145539906103286
0 0.6742049469964664 0.8868544600938967 0.018374558303886925 0.027230046948356807
0 0.6604240282685513 0.9107981220657277 0.009187279151943463 0.009389671361502348
0 0.6954063604240283 0.9258215962441314 0.009893992932862191 0.013145539906103286
0 0.6943462897526502 0.9586854460093897 0.009187279151943463 0.011267605633802818
0 0.6296819787985866 0.9023474178403755 0.011307420494699646 0.04131455399061033
0 0.39257950530035335 0.7694835680751174 0.04169611307420495 0.02535211267605634
0 0.36431095406360425 0.7906103286384977 0.021908127208480566 0.013145539906103286
0 0.4017667844522968 0.6511737089201878 0.01342756183745583 0.014084507042253521
0 0.06501766784452297 0.6215962441314554 0.0833922261484099 0.06009389671361502
0 0.47985865724381627 0.415962441314554 0.014134275618374558 0.028169014084507043
0 0.4901060070671378 0.47699530516431926 0.01060070671378092 0.011267605633802818
0 0.49858657243816257 0.6906103286384977 0.1321554770318021 0.11924882629107982
0 0.45971731448763253 0.776056338028169 0.033215547703180213 0.01784037558685446
0 0.6240282685512367 0.5910798122065728 0.10318021201413427 0.1568075117370892
0 0.6014134275618375 0.6882629107981221 0.019787985865724382 0.018779342723004695
0 0.6893992932862191 0.5122065727699531 0.0077738515901060075 0.023474178403755867
0 0.4717314487632509 0.8328638497652582 0.023321554770318022 0.015023474178403756
0 0.6367491166077739 0.7953051643192488 0.07915194346289753 0.09953051643192488
0 0.4049469964664311 0.8230046948356807 0.05371024734982332 0.03286384976525822
0 0.5452296819787986 0.8708920187793427 0.01342756183745583 0.01971830985915493
0 0.5537102473498233 0.9539906103286385 0.038869257950530034 0.048826291079812206
0 0.5268551236749116 0.4225352112676056 0.014840989399293287 0.05070422535211268
0 0.5325088339222614 0.4699530516431925 0.009187279151943463 0.014084507042253521
0 0.5084805653710247 0.4863849765258216 0.009187279151943463 0.015023474178403756
0 0.5031802120141343 0.5089201877934272 0.005653710247349823 0.007511737089201878
0 0.6222614840989399 0.292018779342723 0.07279151943462897 0.27981220657276995
0 0.6756183745583039 0.315962441314554 0.052296819787985865 0.11549295774647887
6 0.1176678445229682 0.7234741784037558 0.19010600706713782 0.3502347417840376
2 0.0392226148409894 0.18685446009389672 0.07561837455830389 0.028169014084507043
2 0.025441696113074206 0.215962441314554 0.04946996466431095 0.020657276995305163
2 0.06890459363957598 0.32816901408450705 0.1321554770318021 0.023474178403755867
2 0.03568904593639576 0.3563380281690141 0.06713780918727916 0.01784037558685446
0 0.6908127208480566 0.24225352112676057 0.024734982332155476 0.048826291079812206
0 0.7042402826855124 0.27793427230046946 0.012014134275618375 0.016901408450704224
0 0.7604240282685513 0.5990610328638498 0.011307420494699646 0.018779342723004695
0 0.541696113074205 0.8061032863849765 0.038869257950530034 0.03286384976525822
0 0.562190812720848 0.7661971830985915 0.012014134275618375 0.022535211267605635
0 0.4833922261484099 0.8967136150234741 0.05371024734982332 0.08075117370892018
0 0.5745583038869257 0.3624413145539906 0.028268551236749116 0.03755868544600939
0 0.32402826855123673 0.2272300469483568 0.014840989399293287 0.020657276995305163
0 0.43851590106007066 0.14225352112676057 0.01060070671378092 0.04225352112676056
0 0.5925795053003533 0.9267605633802817 0.03180212014134275 0.03568075117370892
0 0.6823321554770319 0.10093896713615023 0.009187279151943463 0.010328638497652582
4 0.2303886925795053 0.8539906103286385 0.15547703180212014 0.2112676056338028
4 0.12897526501766785 0.4807511737089202 0.11802120141342756 0.19906103286384977
