2 0.039575971731448764 0.1892018779342723 0.07632508833922262 0.01971830985915493
2 0.026501766784452298 0.215962441314554 0.04876325088339223 0.018779342723004695
2 0.06890459363957598 0.33004694835680753 0.13498233215547703 0.023474178403755867
2 0.03498233215547703 0.3568075117370892 0.06713780918727916 0.018779342723004695
0 0.254416961130742 0.8 0.019787985865724382 0.09577464788732394
0 0.5685512367491166 0.9431924882629108 0.03745583038869258 0.044131455399061034
0 0.03215547703180212 0.6408450704225352 0.01342756183745583 0.04037558685446009
0 0.06996466431095406 0.4624413145539906 0.012720848056537103 0.10234741784037558
0 0.19363957597173145 0.5624413145539906 0.029681978798586573 0.04507042253521127
0 0.19257950530035337 0.5046948356807511 0.033215547703180213 0.02535211267605634
0 0.23604240282685512 0.5521126760563381 0.0353356890459364 0.10516431924882629
0 0.4363957597173145 0.9032863849765258 0.06007067137809187 0.07136150234741784
0 0.30812720848056535 0.8333333333333334 0.011307420494699646 0.03286384976525822
0 0.29257950530035337 0.6197183098591549 0.0862190812720848 0.056338028169014086
0 0.23109540636042403 0.7126760563380282 0.022614840989399292 0.0431924882629108
0 0.20918727915194346 0.7164319248826291 0.022614840989399292 0.024413145539906103
0 0.3127208480565371 0.7018779342723005 0.02756183745583039 0.07417840375586854
0 0.14628975265017669 0.7300469483568075 0.022614840989399292 0.02535211267605634
0 0.09010600706713781 0.46572769953051646 0.01625441696113074 0.03380281690140845
0 0.09929328621908128 0.5403755868544601 0.0077738515901060075 0.030985915492957747
0 0.21060070671378092 0.4014084507042254 0.025441696113074206 0.05539906103286385
0 0.13003533568904593 0.39342723004694835 0.015547703180212015 0.015023474178403756
0 0.21484098939929328 0.25305164319248824 0.015547703180212015 0.0215962441314554
0 0.2325088339222615 0.2746478873239437 0.012720848056537103 0.023474178403755867
0 0.22190812720848058 0.3117370892018779 0.018374558303886925 0.061971830985915494
0 0.2597173144876325 0.42065727699530514 0.04452296819787986 0.056338028169014086
0 0.18445229681978798 0.3976525821596244 0.01696113074204947 0.0215962441314554
0 0.303886925795053 0.4356807511737089 0.015547703180212015 0.016901408450704224
0 0.2872791519434629 0.4507042253521127 0.01342756183745583 0.013145539906103286
0 0.32438162544169613 0.44647887323943664 0.019787985865724382 0.036619718309859155
0 0.32932862190812723 0.4915492957746479 0.029681978798586573 0.05539906103286385
0 0.3212014134275618 0.5347417840375587 0.019081272084805655 0.014084507042253521
0 0.24734982332155478 0.3192488262910798 0.014134275618374558 0.03943661971830986
0 0.3667844522968198 0.0647887323943662 0.022614840989399292 0.022535211267605635
0 0.2508833922261484 0.5460093896713615 0.02685512367491166 0.03286384976525822
0 0.5625441696113074 0.8577464788732394 0.04381625441696113 0.0215962441314554
0 0.631095406360424 0.8643192488262911 0.019787985865724382 0.010328638497652582
0 0.3176678445229682 0.8760563380281691 0.009187279151943463 0.018779342723004695
0 0.32826855123674914 0.8375586854460094 0.021908127208480566 0.03943661971830986
0 0.33674911660777385 0.7845070422535211 0.01060070671378092 0.010328638497652582
0 0.2021201413427562 0.8286384976525821 0.019787985865724382 0.030985915492957747
0 0.1872791519434629 0.7906103286384977 0.011307420494699646 0.028169014084507043
0 0.1812720848056537 0.7384976525821596 0.009187279151943463 0.014084507042253521
0 0.19823321554770318 0.7530516431924883 0.0077738515901060075 0.007511737089201878
0 0.21307420494699647 0.7765258215962442 0.0176678445229682 0.03380281690140845
0 0.22862190812720848 0.8084507042253521 0.009187279151943463 0.016901408450704224
0 0.24275618374558303 0.8436619718309859 0.0063604240282685515 0.030985915492957747
0 0.20459363957597174 0.6708920187793427 0.01060070671378092 0.010328638497652582
0 0.20530035335689045 0.6915492957746479 0.009187279151943463 0.01596244131455399
0 0.1978798586572438 0.35070422535211265 0.011307420494699646 0.010328638497652582
0 0.19187279151943462 0.33004694835680753 0.01342756183745583 0.01971830985915493
0 0.15795053003533568 0.29389671361502345 0.0077738515901060075 0.011267605633802818
1 0.24593639575971732 0.027699530516431925 0.06643109540636043 0.04788732394366197
1 0.18763250883392227 0.631924882629108 0.014840989399293287 0.013145539906103286
0 0.223321554770318 0.7375586854460094 0.011307420494699646 0.01596244131455399
0 0.30212014134275617 0.6530516431924883 0.01060070671378092 0.010328638497652582
0 0.22897526501766785 0.43427230046948356 0.01696113074204947 0.014084507042253521
0 0.658303886925795 0.8788732394366198 0.01625441696113074 0.011267605633802818
