1 0.1725925925925926 0.5601851851851852 0.3333333333333333 0.8796296296296297
5 0.4540740740740741 0.8083333333333333 0.04296296296296296 0.046296296296296294
5 0.6644444444444444 0.8212962962962963 0.07851851851851852 0.05
5 0.36074074074074075 0.07222222222222222 0.09925925925925926 0.13333333333333333
6 0.24074074074074073 0.7240740740740741 0.4785185185185185 0.5444444444444444
0 0.37851851851851853 0.17962962962962964 0.01037037037037037 0.014814814814814815
0 0.37777777777777777 0.08148148148148149 0.005925925925925926 0.007407407407407408
0 0.37851851851851853 0.10092592592592593 0.01925925925925926 0.009259259259259259
0 0.6096296296296296 0.08055555555555556 0.007407407407407408 0.005555555555555556
0 0.6007407407407407 0.026851851851851852 0.01037037037037037 0.012962962962962963
0 0.8192592592592592 0.012962962962962963 0.011851851851851851 0.018518518518518517
0 0.7362962962962963 0.32222222222222224 0.011851851851851851 0.022222222222222223
0 0.6992592592592592 0.1287037037037037 0.02074074074074074 0.024074074074074074
5 0.5096296296296297 0.22962962962962963 0.02666666666666667 0.02962962962962963
2 0.9866666666666667 0.9675925925925926 0.02074074074074074 0.024074074074074074
4 0.9192592592592592 0.5824074074074074 0.14074074074074075 0.6388888888888888
