2 0.03043170559094126 0.4140845070422535 0.05803255484784147 0.018779342723004695
2 0.07041755130927105 0.339906103286385 0.1394196744515216 0.05821596244131456
2 0.04423213021939137 0.1727699530516432 0.08421797593772117 0.10892018779342723
2 0.0074309978768577496 0.047417840375586856 0.010615711252653927 0.027230046948356807
0 0.1510969568294409 0.6619718309859155 0.06581740976645435 0.09389671361502347
0 0.39773531493276715 0.9615023474178404 0.02264685067232838 0.028169014084507043
0 0.5003538570417552 0.9018779342723005 0.04670912951167728 0.05727699530516432
0 0.05307855626326964 0.19248826291079812 0.056617126680820945 0.09953051643192488
2 0.962137296532201 0.018779342723004695 0.026185421089879687 0.024413145539906103
4 0.716206652512385 0.14694835680751173 0.38358103326256193 0.28450704225352114
