2 0.05019305019305019 0.9235537190082644 0.08494208494208494 0.028925619834710745
1 0.10231660231660232 0.2830578512396694 0.1891891891891892 0.30165289256198347
1 0.19498069498069498 0.9586776859504132 0.23552123552123552 0.08264462809917356
0 0.41312741312741313 0.4834710743801653 0.03861003861003861 0.049586776859504134
0 0.3764478764478765 0.3760330578512397 0.019305019305019305 0.049586776859504134
0 0.5347490347490348 0.640495867768595 0.04247104247104247 0.049586776859504134
0 0.6911196911196911 0.6157024793388429 0.05405405405405406 0.0743801652892562
2 0.8764478764478765 0.8760330578512396 0.10038610038610038 0.06611570247933884
2 0.37258687258687256 0.5268595041322314 0.11196911196911197 0.11983471074380166
2 0.6235521235521235 0.6714876033057852 0.11969111969111969 0.09504132231404959
2 0.5308880308880309 0.7520661157024794 0.02702702702702703 0.05785123966942149
0 0.5694980694980695 0.6818181818181818 0.019305019305019305 0.01652892561983471
2 0.2528957528957529 0.09090909090909091 0.3281853281853282 0.0743801652892562
