0 0.7202549575070821 0.6549295774647887 0.03824362606232295 0.044131455399061034
0 0.6412889518413598 0.13098591549295774 0.07294617563739376 0.07417840375586854
0 0.53328611898017 0.047417840375586856 0.10198300283286119 0.046009389671361506
0 0.36756373937677056 0.02488262910798122 0.06940509915014165 0.02535211267605634
0 0.2358356940509915 0.08591549295774648 0.05807365439093484 0.05352112676056338
0 0.2588526912181303 0.09154929577464789 0.08711048158640226 0.0647887323943662
0 0.21529745042492918 0.1488262910798122 0.014164305949008499 0.038497652582159626
0 0.23194050991501416 0.1704225352112676 0.019121813031161474 0.07230046948356808
0 0.17280453257790368 0.1732394366197183 0.0084985835694051 0.012206572769953052
0 0.1529745042492918 0.21032863849765257 0.0084985835694051 0.018779342723004695
0 0.16926345609065155 0.19812206572769953 0.0056657223796034 0.013145539906103286
0 0.2687677053824363 0.20422535211267606 0.04603399433427762 0.15305164319248826
0 0.2577903682719547 0.3028169014084507 0.0084985835694051 0.010328638497652582
0 0.3197592067988669 0.17464788732394365 0.05453257790368272 0.20469483568075117
0 0.3335694050991501 0.055868544600938964 0.0084985835694051 0.012206572769953052
0 0.3597733711048159 0.0835680751173709 0.021246458923512748 0.061971830985915494
0 0.34915014164305946 0.13380281690140844 0.015580736543909348 0.0215962441314554
0 0.35375354107648727 0.2164319248826291 0.05736543909348442 0.10422535211267606
0 0.35729461756373937 0.19342723004694837 0.009206798866855524 0.028169014084507043
0 0.3728753541076487 0.17417840375586854 0.023371104815864022 0.036619718309859155
0 0.3888101983002833 0.09671361502347418 0.014164305949008499 0.10328638497652583
0 0.49008498583569404 0.15258215962441316 0.09631728045325778 0.20938967136150236
0 0.4121813031161473 0.33380281690140845 0.015580736543909348 0.04788732394366197
0 0.3771246458923513 0.33474178403755867 0.010623229461756374 0.03286384976525822
0 0.3597733711048159 0.3305164319248826 0.0084985835694051 0.024413145539906103
0 0.32294617563739375 0.35492957746478876 0.014164305949008499 0.018779342723004695
0 0.5410764872521246 0.15211267605633802 0.039660056657223795 0.09765258215962441
0 0.5481586402266289 0.2028169014084507 0.021246458923512748 0.0863849765258216
0 0.5856940509915014 0.2347417840375587 0.039660056657223795 0.11455399061032864
0 0.6097733711048159 0.2727699530516432 0.026912181303116147 0.08544600938967137
0 0.6303116147308782 0.292018779342723 0.029745042492917848 0.07511737089201878
0 0.6225212464589235 0.34413145539906104 0.007082152974504249 0.010328638497652582
0 0.6437677053824362 0.36338028169014086 0.031161473087818695 0.06948356807511737
0 0.5686968838526912 0.43896713615023475 0.018413597733711047 0.04037558685446009
0 0.49079320113314445 0.37746478873239436 0.015580736543909348 0.07699530516431925
0 0.6143767705382436 0.5 0.02903682719546742 0.036619718309859155
0 0.6395184135977338 0.5384976525821596 0.012747875354107648 0.03474178403755868
0 0.6508498583569405 0.5488262910798122 0.0084985835694051 0.008450704225352112
0 0.6724504249291785 0.5577464788732395 0.023371104815864022 0.046948356807511735
0 0.69157223796034 0.5784037558685446 0.012039660056657223 0.020657276995305163
0 0.7029036827195467 0.5985915492957746 0.017705382436260624 0.03474178403755868
0 0.6306657223796034 0.4084507042253521 0.010623229461756374 0.011267605633802818
0 0.14730878186968838 0.3215962441314554 0.0084985835694051 0.027230046948356807
0 0.5736543909348442 0.984037558685446 0.07223796033994334 0.028169014084507043
2 0.03611898016997167 0.19718309859154928 0.0708215297450425 0.022535211267605635
2 0.023725212464589234 0.22582159624413145 0.04320113314447592 0.01784037558685446
2 0.06692634560906516 0.33943661971830985 0.1281869688385269 0.0215962441314554
2 0.012747875354107648 0.3652582159624413 0.021246458923512748 0.016901408450704224
2 0.0453257790368272 0.36619718309859156 0.036827195467422094 0.018779342723004695
2 0.9564447592067988 0.07276995305164319 0.04603399433427762 0.05539906103286385
4 0.3980169971671388 0.8375586854460094 0.34560906515580736 0.3023474178403756
