1 0.16914366595895258 0.8723004694835681 0.18825194621372965 0.1596244131455399
1 0.19532908704883228 0.711737089201878 0.06652512384996462 0.08075117370892018
2 0.9607218683651805 0.01784037558685446 0.024769992922859165 0.020657276995305163
2 0.004953998584571833 0.045539906103286384 0.007077140835102618 0.0215962441314554
2 0.032908704883227176 0.13051643192488263 0.03184713375796178 0.02629107981220657
2 0.04104741684359519 0.18732394366197183 0.07784854918612881 0.08169014084507042
2 0.07041755130927105 0.3431924882629108 0.1394196744515216 0.05352112676056338
2 0.02937013446567587 0.4140845070422535 0.055909412597310686 0.022535211267605635
4 0.4996461429582449 0.12535211267605634 0.6539278131634819 0.24131455399061033
4 0.7671620665251239 0.7464788732394366 0.23354564755838642 0.23849765258215963
3 0.4497523000707714 0.6535211267605634 0.7735314932767162 0.6892018779342723
