2 0.27677806341045413 0.50146484375 0.5398457583547558 0.9794921875
5 0.07326478149100257 0.47802734375 0.143101970865467 0.3056640625
1 0.06683804627249357 0.14501953125 0.11825192802056556 0.2666015625
0 0.34832904884318766 0.1474609375 0.10711225364181662 0.259765625
0 0.14781491002570693 0.71337890625 0.050556983718937444 0.0458984375
0 0.16152527849185946 0.4619140625 0.05227077977720651 0.275390625
0 0.03941730934018852 0.34423828125 0.06512425021422451 0.0654296875
0 0.363324764353042 0.45654296875 0.07197943444730077 0.0087890625
0 0.06683804627249357 0.4970703125 0.03941730934018852 0.01171875
0 0.015852613538988862 0.42041015625 0.016281062553556127 0.0537109375
4 0.6782347900599829 0.3662109375 0.3333333333333333 0.21875
