7 0.3315746753246753 0.8258587786259542 0.6599025974025974 0.3463740458015267
7 0.5921266233766234 0.7294847328244275 0.25243506493506496 0.38263358778625955
6 0.44805194805194803 0.6808206106870229 0.3457792207792208 0.4799618320610687
1 0.30762987012987014 0.08635496183206107 0.375 0.1650763358778626
0 0.9724025974025974 0.2385496183206107 0.05357142857142857 0.12213740458015267
0 0.9935064935064936 0.3606870229007634 0.012987012987012988 0.0648854961832061
0 0.6363636363636364 0.019561068702290078 0.032467532467532464 0.03148854961832061
0 0.5856331168831169 0.09208015267175572 0.06574675324675325 0.04866412213740458
0 0.48295454545454547 0.0958969465648855 0.040584415584415584 0.04103053435114504
0 0.4127435064935065 0.3554389312977099 0.033279220779220776 0.035305343511450385
0 0.3847402597402597 0.6159351145038168 0.1590909090909091 0.2929389312977099
0 0.4569805194805195 0.8916984732824428 0.01461038961038961 0.012404580152671756
0 0.4752435064935065 0.8883587786259542 0.013798701298701298 0.013358778625954198
0 0.6984577922077922 0.9685114503816794 0.05113636363636364 0.04198473282442748
0 0.6737012987012987 0.9389312977099237 0.012987012987012988 0.01717557251908397
0 0.6128246753246753 0.6374045801526718 0.045454545454545456 0.03816793893129771
0 0.10592532467532467 0.3373091603053435 0.012175324675324676 0.02767175572519084
0 0.0174512987012987 0.3101145038167939 0.007305194805194805 0.011450381679389313
0 0.01948051948051948 0.2480916030534351 0.008116883116883116 0.01717557251908397
0 0.052353896103896104 0.24666030534351144 0.010551948051948052 0.01812977099236641
0 0.045048701298701296 0.2652671755725191 0.007305194805194805 0.009541984732824428
0 0.03530844155844156 0.28053435114503816 0.005681818181818182 0.009541984732824428
0 0.03530844155844156 0.24379770992366412 0.005681818181818182 0.029580152671755726
0 0.06412337662337662 0.20181297709923665 0.008116883116883116 0.008587786259541985
0 0.0762987012987013 0.22853053435114504 0.006493506493506494 0.008587786259541985
0 0.09415584415584416 0.20181297709923665 0.006493506493506494 0.008587786259541985
0 0.11282467532467533 0.18416030534351144 0.00487012987012987 0.0057251908396946565
0 0.11363636363636363 0.15744274809160305 0.011363636363636364 0.015267175572519083
0 0.12702922077922077 0.14933206106870228 0.005681818181818182 0.01049618320610687
0 0.1359577922077922 0.25047709923664124 0.017045454545454544 0.029580152671755726
0 0.11363636363636363 0.30725190839694655 0.006493506493506494 0.015267175572519083
0 0.1286525974025974 0.3086832061068702 0.005681818181818182 0.01049618320610687
0 0.15381493506493507 0.2538167938931298 0.005681818181818182 0.0057251908396946565
0 0.24594155844155843 0.2695610687022901 0.006493506493506494 0.006679389312977099
0 0.2987012987012987 0.3473282442748092 0.00487012987012987 0.007633587786259542
0 0.3555194805194805 0.3573473282442748 0.006493506493506494 0.006679389312977099
0 0.4172077922077922 0.40791984732824427 0.00487012987012987 0.008587786259541985
0 0.4809253246753247 0.5262404580152672 0.007305194805194805 0.008587786259541985
0 0.35064935064935066 0.42270992366412213 0.00487012987012987 0.007633587786259542
0 0.3039772727272727 0.4527671755725191 0.005681818181818182 0.008587786259541985
0 0.28165584415584416 0.4604007633587786 0.006493506493506494 0.006679389312977099
0 0.6306818181818182 0.5882633587786259 0.017857142857142856 0.029580152671755726
0 0.6148538961038961 0.7075381679389313 0.008928571428571428 0.016221374045801526
7 0.622564935064935 0.7070610687022901 0.06818181818181818 0.04770992366412214
0 0.2621753246753247 0.5166984732824428 0.008116883116883116 0.016221374045801526
0 0.4788961038961039 0.8358778625954199 0.017857142857142856 0.022900763358778626
0 0.4383116883116883 0.7581106870229007 0.025974025974025976 0.04103053435114504
0 0.4237012987012987 0.9432251908396947 0.00974025974025974 0.02767175572519084
0 0.41030844155844154 0.4976145038167939 0.017045454545454544 0.02385496183206107
0 0.39042207792207795 0.5243320610687023 0.006493506493506494 0.01049618320610687
0 0.37662337662337664 0.5138358778625954 0.008116883116883116 0.01431297709923664
0 0.35917207792207795 0.5190839694656488 0.007305194805194805 0.015267175572519083
0 0.024756493506493508 0.26622137404580154 0.012175324675324676 0.011450381679389313
0 0.005275974025974026 0.2810114503816794 0.005681818181818182 0.01049618320610687
0 0.1481331168831169 0.1316793893129771 0.005681818181818182 0.009541984732824428
0 0.7175324675324676 0.9856870229007634 0.008116883116883116 0.009541984732824428
