0 0.6375321336760925 0.6904296875 0.04284490145672665 0.041015625
0 0.5484147386461011 0.68798828125 0.04627249357326478 0.0634765625
0 0.5222793487574978 0.72265625 0.01970865467009426 0.01953125
0 0.3834618680377035 0.716796875 0.04884318766066838 0.087890625
0 0.3380462724935733 0.7607421875 0.04027420736932305 0.044921875
0 0.30077120822622105 0.7216796875 0.015424164524421594 0.02734375
0 0.18808911739502998 0.654296875 0.06255355612682091 0.123046875
0 0.10582690659811482 0.5869140625 0.04712939160239932 0.10546875
0 0.033419023136246784 0.572265625 0.054841473864610114 0.029296875
2 0.5004284490145673 0.5341796875 0.9940017137960583 0.916015625
2 0.6375321336760925 0.5390625 0.037703513281919454 0.0390625
