7 0.3952922077922078 0.8392175572519084 0.20941558441558442 0.31583969465648853
7 0.6895292207792207 0.8010496183206107 0.35795454545454547 0.39408396946564883
7 0.8823051948051948 0.6812977099236641 0.040584415584415584 0.06297709923664122
5 0.7678571428571429 0.09351145038167939 0.1737012987012987 0.18129770992366412
5 0.4971590909090909 0.6321564885496184 0.02353896103896104 0.03148854961832061
0 0.8352272727272727 0.08015267175572519 0.012987012987012988 0.019083969465648856
0 0.8137175324675324 0.07729007633587787 0.026785714285714284 0.03244274809160305
0 0.7877435064935064 0.0357824427480916 0.017045454545454544 0.016221374045801526
0 0.7780032467532467 0.011450381679389313 0.013798701298701298 0.015267175572519083
0 0.8340097402597403 0.16125954198473283 0.012175324675324676 0.02862595419847328
0 0.8831168831168831 0.31297709923664124 0.011363636363636364 0.04770992366412214
0 0.8222402597402597 0.3029580152671756 0.016233766233766232 0.02767175572519084
0 0.7755681818181818 0.29532442748091603 0.012175324675324676 0.02385496183206107
0 0.398538961038961 0.012404580152671756 0.06493506493506493 0.02099236641221374
0 0.4135551948051948 0.035305343511450385 0.012175324675324676 0.015267175572519083
0 0.3559253246753247 0.013358778625954198 0.008928571428571428 0.013358778625954198
0 0.07508116883116883 0.0892175572519084 0.021915584415584416 0.039122137404580155
0 0.0726461038961039 0.15601145038167938 0.013798701298701298 0.016221374045801526
0 0.05478896103896104 0.16889312977099236 0.015422077922077922 0.013358778625954198
0 0.0799512987012987 0.9184160305343512 0.015422077922077922 0.02194656488549618
0 0.14569805194805194 0.9895038167938931 0.017045454545454544 0.013358778625954198
0 0.15706168831168832 0.9379770992366412 0.03165584415584415 0.030534351145038167
0 0.20251623376623376 0.950381679389313 0.017045454545454544 0.02099236641221374
0 0.18547077922077923 0.9689885496183206 0.012175324675324676 0.01049618320610687
0 0.20251623376623376 0.9918893129770993 0.012175324675324676 0.012404580152671756
0 0.013798701298701298 0.8067748091603053 0.022727272727272728 0.03148854961832061
0 0.2593344155844156 0.6812977099236641 0.015422077922077922 0.02862595419847328
0 0.6282467532467533 0.4661259541984733 0.00974025974025974 0.01431297709923664
0 0.635551948051948 0.49666030534351147 0.00974025974025974 0.03721374045801527
0 0.5551948051948052 0.15362595419847327 0.00974025974025974 0.013358778625954198
0 0.5564123376623377 0.17461832061068702 0.008928571428571428 0.013358778625954198
0 0.6051136363636364 0.17270992366412213 0.010551948051948052 0.019083969465648856
0 0.5535714285714286 0.3291984732824427 0.008116883116883116 0.02862595419847328
0 0.25811688311688313 0.35400763358778625 0.025974025974025976 0.026717557251908396
0 0.3031655844155844 0.3449427480916031 0.025162337662337664 0.03148854961832061
0 0.2913961038961039 0.31297709923664124 0.02922077922077922 0.02480916030534351
0 0.26136363636363635 0.2876908396946565 0.017857142857142856 0.01431297709923664
0 0.15422077922077923 0.3950381679389313 0.012987012987012988 0.019083969465648856
0 0.12378246753246754 0.3969465648854962 0.025162337662337664 0.05152671755725191
0 0.0929383116883117 0.37070610687022904 0.008928571428571428 0.01431297709923664
0 0.060876623376623376 0.3916984732824427 0.011363636363636364 0.01049618320610687
0 0.06493506493506493 0.41603053435114506 0.00974025974025974 0.007633587786259542
0 0.07792207792207792 0.44656488549618323 0.017857142857142856 0.02480916030534351
0 0.1266233766233766 0.32251908396946566 0.00974025974025974 0.011450381679389313
0 0.17167207792207792 0.29961832061068705 0.0349025974025974 0.04007633587786259
0 0.16071428571428573 0.26908396946564883 0.00974025974025974 0.009541984732824428
0 0.5880681818181818 0.2700381679389313 0.013798701298701298 0.030534351145038167
0 0.6765422077922078 0.2480916030534351 0.013798701298701298 0.04007633587786259
0 0.643262987012987 0.16030534351145037 0.008928571428571428 0.009541984732824428
0 0.6749188311688312 0.20038167938931298 0.008928571428571428 0.011450381679389313
0 0.7228084415584416 0.12213740458015267 0.021915584415584416 0.015267175572519083
