7 0.5402777777777777 0.3680555555555556 0.13055555555555556 0.3680555555555556
0 0.46944444444444444 0.6085069444444444 0.011111111111111112 0.015625
0 0.4708333333333333 0.6362847222222222 0.013888888888888888 0.015625
0 0.5472222222222223 0.2170138888888889 0.011111111111111112 0.020833333333333332
0 0.56875 0.234375 0.02361111111111111 0.04513888888888889
0 0.7430555555555556 0.3090277777777778 0.03333333333333333 0.08680555555555555
0 0.6548611111111111 0.3923611111111111 0.059722222222222225 0.09375
0 0.6909722222222222 0.4401041666666667 0.0125 0.022569444444444444
0 0.6625 0.2013888888888889 0.011111111111111112 0.010416666666666666
0 0.69375 0.2074652777777778 0.009722222222222222 0.012152777777777778
0 0.6958333333333333 0.2309027777777778 0.011111111111111112 0.013888888888888888
0 0.6013888888888889 0.4826388888888889 0.013888888888888888 0.013888888888888888
0 0.6118055555555556 0.5 0.006944444444444444 0.010416666666666666
0 0.6444444444444445 0.5503472222222222 0.011111111111111112 0.013888888888888888
0 0.6791666666666667 0.5659722222222222 0.04722222222222222 0.027777777777777776
0 0.49722222222222223 0.6649305555555556 0.030555555555555555 0.034722222222222224
0 0.7201388888888889 0.5538194444444444 0.015277777777777777 0.027777777777777776
0 0.7625 0.5329861111111112 0.025 0.024305555555555556
0 0.8229166666666666 0.4401041666666667 0.015277777777777777 0.019097222222222224
0 0.7576388888888889 0.1736111111111111 0.0125 0.017361111111111112
0 0.5493055555555556 0.5381944444444444 0.015277777777777777 0.013888888888888888
2 0.8951388888888889 0.796875 0.034722222222222224 0.03125
