6 0.3522544283413849 0.8076923076923077 0.26811594202898553 0.37349397590361444
2 0.29025764895330114 0.22567191844300277 0.0249597423510467 0.019462465245597776
2 0.2741545893719807 0.21825764596848934 0.008856682769726247 0.006487488415199258
2 0.2882447665056361 0.21037998146431883 0.00966183574879227 0.005560704355885079
2 0.534219001610306 0.2608897126969416 0.020128824476650563 0.013901760889712697
2 0.43800322061191627 0.329935125115848 0.00966183574879227 0.012974976830398516
2 0.42995169082125606 0.34615384615384615 0.004830917874396135 0.012048192771084338
2 0.6698872785829307 0.366079703429101 0.01610305958132045 0.025949953660797033
2 0.5595813204508857 0.5296570898980537 0.017713365539452495 0.019462465245597776
2 0.5664251207729468 0.4833178869323448 0.018518518518518517 0.023169601482854494
2 0.5446859903381642 0.3716404077849861 0.007246376811594203 0.016682113067655237
2 0.5567632850241546 0.3818350324374421 0.007246376811594203 0.016682113067655237
2 0.5611916264090178 0.3359592215013902 0.014492753623188406 0.03243744207599629
2 0.3413848631239936 0.27664504170528265 0.024154589371980676 0.023169601482854494
2 0.1320450885668277 0.6163113994439295 0.03542673107890499 0.016682113067655237
2 0.41304347826086957 0.7099165894346617 0.024154589371980676 0.05560704355885079
2 0.4923510466988728 0.8336422613531047 0.03140096618357488 0.05468025949953661
2 0.5688405797101449 0.7669138090824837 0.012077294685990338 0.019462465245597776
2 0.5587761674718197 0.731696014828545 0.01932367149758454 0.030583873957367932
2 0.49033816425120774 0.8058387395736794 0.014492753623188406 0.03429101019462465
2 0.48027375201288247 0.902224281742354 0.0249597423510467 0.030583873957367932
2 0.09500805152979067 0.5685820203892493 0.014492753623188406 0.015755329008341055
2 0.0893719806763285 0.540778498609824 0.01288244766505636 0.012048192771084338
2 0.0966183574879227 0.8785912882298424 0.028985507246376812 0.011121408711770158
2 0.2177938808373591 0.969416126042632 0.015297906602254429 0.022242817423540315
2 0.9754428341384863 0.9670991658943466 0.023349436392914653 0.023169601482854494
1 0.8973429951690821 0.8632993512511585 0.2037037037037037 0.267840593141798
4 0.36231884057971014 0.5389249304911955 0.2222222222222222 0.41056533827618164
