7 0.42814814814814817 0.5046296296296297 0.2637037037037037 0.1685185185185185
7 0.38666666666666666 0.7898148148148149 0.18666666666666668 0.2796296296296296
0 0.36148148148148146 0.2935185185185185 0.05925925925925926 0.053703703703703705
0 0.3422222222222222 0.41203703703703703 0.02074074074074074 0.020370370370370372
0 0.4185185185185185 0.41574074074074074 0.013333333333333334 0.012962962962962963
0 0.4266666666666667 0.4425925925925926 0.014814814814814815 0.014814814814814815
0 0.44666666666666666 0.30648148148148147 0.028148148148148148 0.012962962962962963
0 0.4911111111111111 0.013888888888888888 0.01925925925925926 0.016666666666666666
0 0.5451851851851852 0.026851851851851852 0.008888888888888889 0.009259259259259259
0 0.5525925925925926 0.041666666666666664 0.008888888888888889 0.009259259259259259
0 0.6659259259259259 0.31296296296296294 0.013333333333333334 0.018518518518518517
0 0.6762962962962963 0.36203703703703705 0.013333333333333334 0.024074074074074074
0 0.7385185185185185 0.24814814814814815 0.04888888888888889 0.06296296296296296
0 0.7214814814814815 0.3638888888888889 0.02074074074074074 0.03518518518518519
0 0.48444444444444446 0.3194444444444444 0.014814814814814815 0.016666666666666666
0 0.5044444444444445 0.3592592592592593 0.013333333333333334 0.014814814814814815
0 0.5533333333333333 0.5638888888888889 0.01037037037037037 0.027777777777777776
0 0.64 0.5231481481481481 0.044444444444444446 0.016666666666666666
0 0.6259259259259259 0.6185185185185185 0.016296296296296295 0.022222222222222223
0 0.6577777777777778 0.6064814814814815 0.02962962962962963 0.016666666666666666
0 0.5585185185185185 0.6370370370370371 0.02074074074074074 0.018518518518518517
0 0.5007407407407407 0.7388888888888889 0.02666666666666667 0.018518518518518517
0 0.30148148148148146 0.7277777777777777 0.01037037037037037 0.025925925925925925
0 0.3851851851851852 0.7111111111111111 0.008888888888888889 0.007407407407407408
0 0.4014814814814815 0.7324074074074074 0.014814814814814815 0.009259259259259259
0 0.3251851851851852 0.787962962962963 0.01037037037037037 0.009259259259259259
0 0.35777777777777775 0.8953703703703704 0.034074074074074076 0.012962962962962963
0 0.3296296296296296 0.9222222222222223 0.016296296296296295 0.011111111111111112
0 0.3488888888888889 0.9268518518518518 0.01037037037037037 0.009259259259259259
0 0.3837037037037037 0.9398148148148148 0.011851851851851851 0.005555555555555556
0 0.4096296296296296 0.9444444444444444 0.007407407407407408 0.007407407407407408
0 0.4311111111111111 0.8324074074074074 0.017777777777777778 0.020370370370370372
0 0.4237037037037037 0.8962962962962963 0.035555555555555556 0.022222222222222223
0 0.45111111111111113 0.8379629629629629 0.013333333333333334 0.012962962962962963
0 0.3333333333333333 0.25092592592592594 0.011851851851851851 0.009259259259259259
0 0.06 0.6518518518518519 0.013333333333333334 0.011111111111111112
2 0.9874074074074074 0.9685185185185186 0.01925925925925926 0.022222222222222223
2 0.023703703703703703 0.9416666666666667 0.03851851851851852 0.09074074074074075
