7 0.6994076999012833 0.4132867132867133 0.10365251727541955 0.08811188811188811
1 0.9511352418558736 0.4699300699300699 0.06219151036525173 0.3328671328671329
1 0.18213228035538007 0.23986013986013985 0.3168805528134255 0.4461538461538462
1 0.1594274432379072 0.12657342657342657 0.1727541954590326 0.21958041958041957
0 0.456071076011846 0.2020979020979021 0.009871668311944718 0.026573426573426574
0 0.47482724580454094 0.14335664335664336 0.005923000987166831 0.012587412587412588
0 0.26159921026653504 0.8048951048951049 0.017769002961500493 0.023776223776223775
0 0.19743336623889438 0.7993006993006992 0.007897334649555774 0.023776223776223775
0 0.30256663376110565 0.8062937062937063 0.014807502467917079 0.02097902097902098
0 0.7285291214215203 0.6755244755244755 0.011846001974333662 0.019580419580419582
0 0.8178677196446199 0.5104895104895105 0.006910167818361303 0.013986013986013986
0 0.7324777887462981 0.07692307692307693 0.02171767028627838 0.027972027972027972
0 0.7013820335636722 0.12727272727272726 0.014807502467917079 0.016783216783216783
4 0.47877591312931883 0.8433566433566434 0.28232971372161897 0.24895104895104894
