0 0.1451048951048951 0.07931726907630522 0.017482517482517484 0.03413654618473896
5 0.2840909090909091 0.3142570281124498 0.09265734265734266 0.15060240963855423
5 0.3881118881118881 0.26706827309236947 0.03146853146853147 0.03614457831325301
7 0.5506993006993007 0.6636546184738956 0.32867132867132864 0.2791164658634538
7 0.5445804195804196 0.1636546184738956 0.48426573426573427 0.3192771084337349
0 0.243006993006993 0.1214859437751004 0.10139860139860139 0.0783132530120482
0 0.2517482517482518 0.19879518072289157 0.017482517482517484 0.01606425702811245
0 0.16258741258741258 0.21184738955823293 0.017482517482517484 0.02208835341365462
0 0.1215034965034965 0.22791164658634538 0.019230769230769232 0.02610441767068273
0 0.1486013986013986 0.31224899598393574 0.04195804195804196 0.050200803212851405
0 0.8942307692307693 0.045180722891566265 0.026223776223776224 0.03413654618473896
0 0.8286713286713286 0.11144578313253012 0.013986013986013986 0.014056224899598393
0 0.8653846153846154 0.12951807228915663 0.027972027972027972 0.03413654618473896
0 0.9055944055944056 0.20883534136546184 0.006993006993006993 0.012048192771084338
0 0.9484265734265734 0.29819277108433734 0.005244755244755245 0.018072289156626505
0 0.7115384615384616 0.04718875502008032 0.03496503496503497 0.07429718875502007
0 0.708916083916084 0.11144578313253012 0.012237762237762238 0.03413654618473896
0 0.6625874125874126 0.2821285140562249 0.006993006993006993 0.010040160642570281
0 0.6354895104895105 0.2640562248995984 0.005244755244755245 0.014056224899598393
0 0.5384615384615384 0.4206827309236948 0.055944055944055944 0.03815261044176707
0 0.38723776223776224 0.26305220883534136 0.008741258741258742 0.008032128514056224
0 0.2928321678321678 0.26706827309236947 0.005244755244755245 0.01606425702811245
0 0.30332167832167833 0.3514056224899598 0.02972027972027972 0.040160642570281124
0 0.2770979020979021 0.33433734939759036 0.008741258741258742 0.018072289156626505
0 0.2666083916083916 0.26506024096385544 0.026223776223776224 0.024096385542168676
0 0.9982517482517482 0.6285140562248996 0.0034965034965034965 0.028112449799196786
0 0.972027972027972 0.6867469879518072 0.013986013986013986 0.0321285140562249
0 0.9475524475524476 0.8413654618473896 0.013986013986013986 0.024096385542168676
0 0.9597902097902098 0.8755020080321285 0.02097902097902098 0.020080321285140562
0 0.5795454545454546 0.677710843373494 0.012237762237762238 0.010040160642570281
0 0.548951048951049 0.5923694779116466 0.006993006993006993 0.01606425702811245
0 0.20104895104895104 0.7791164658634538 0.024475524475524476 0.03614457831325301
0 0.701048951048951 0.9608433734939759 0.01048951048951049 0.010040160642570281
0 0.7578671328671329 0.9186746987951807 0.012237762237762238 0.010040160642570281
0 0.7132867132867133 0.8775100401606426 0.01048951048951049 0.008032128514056224
0 0.701048951048951 0.8845381526104418 0.01048951048951049 0.006024096385542169
0 0.8365384615384616 0.463855421686747 0.005244755244755245 0.028112449799196786
7 0.6040209790209791 0.39959839357429716 0.08566433566433566 0.13654618473895583
