0 0.8793706293706294 0.35943775100401604 0.013986013986013986 0.024096385542168676
0 0.36975524475524474 0.010040160642570281 0.033216783216783216 0.008032128514056224
0 0.2631118881118881 0.06124497991967871 0.012237762237762238 0.010040160642570281
0 0.1145104895104895 0.13755020080321284 0.022727272727272728 0.02610441767068273
0 0.022727272727272728 0.23493975903614459 0.038461538461538464 0.03614457831325301
0 0.13024475524475523 0.3755020080321285 0.012237762237762238 0.008032128514056224
0 0.19230769230769232 0.40160642570281124 0.02097902097902098 0.012048192771084338
0 0.23339160839160839 0.40763052208835343 0.008741258741258742 0.008032128514056224
0 0.2159090909090909 0.41365461847389556 0.012237762237762238 0.008032128514056224
0 0.17220279720279721 0.42369477911646586 0.005244755244755245 0.008032128514056224
0 0.2368881118881119 0.4387550200803213 0.019230769230769232 0.006024096385542169
0 0.9309440559440559 0.8403614457831325 0.012237762237762238 0.018072289156626505
0 0.576048951048951 0.6285140562248996 0.005244755244755245 0.008032128514056224
0 0.527972027972028 0.6556224899598394 0.006993006993006993 0.006024096385542169
0 0.8566433566433567 0.5973895582329317 0.006993006993006993 0.006024096385542169
0 0.5524475524475524 0.7650602409638554 0.01048951048951049 0.012048192771084338
0 0.48863636363636365 0.8614457831325302 0.008741258741258742 0.008032128514056224
0 0.44493006993006995 0.7821285140562249 0.008741258741258742 0.02610441767068273
0 0.42482517482517484 0.7821285140562249 0.01048951048951049 0.02208835341365462
0 0.4527972027972028 0.7128514056224899 0.006993006993006993 0.008032128514056224
0 0.4519230769230769 0.6355421686746988 0.008741258741258742 0.010040160642570281
0 0.42744755244755245 0.641566265060241 0.008741258741258742 0.014056224899598393
0 0.42132867132867136 0.6164658634538153 0.006993006993006993 0.01606425702811245
0 0.395979020979021 0.6224899598393574 0.008741258741258742 0.01606425702811245
0 0.050699300699300696 0.6475903614457831 0.024475524475524476 0.030120481927710843
0 0.027097902097902096 0.5993975903614458 0.008741258741258742 0.010040160642570281
0 0.07692307692307693 0.5933734939759037 0.006993006993006993 0.002008032128514056
0 0.11538461538461539 0.7108433734939759 0.06293706293706294 0.10843373493975904
0 0.08391608391608392 0.607429718875502 0.006993006993006993 0.010040160642570281
0 0.21853146853146854 0.6686746987951807 0.006993006993006993 0.012048192771084338
0 0.36363636363636365 0.6385542168674698 0.01048951048951049 0.012048192771084338
0 0.34527972027972026 0.6184738955823293 0.015734265734265736 0.020080321285140562
0 0.44842657342657344 0.9718875502008032 0.005244755244755245 0.008032128514056224
0 0.44755244755244755 0.9317269076305221 0.006993006993006993 0.008032128514056224
0 0.3916083916083916 0.9799196787148594 0.013986013986013986 0.012048192771084338
0 0.38986013986013984 0.9528112449799196 0.006993006993006993 0.010040160642570281
0 0.3732517482517482 0.963855421686747 0.015734265734265736 0.020080321285140562
0 0.32342657342657344 0.9708835341365462 0.03496503496503497 0.030120481927710843
0 0.2229020979020979 0.9487951807228916 0.012237762237762238 0.010040160642570281
0 0.34353146853146854 0.8825301204819277 0.012237762237762238 0.04216867469879518
0 0.3269230769230769 0.8704819277108434 0.013986013986013986 0.02208835341365462
0 0.4125874125874126 0.891566265060241 0.027972027972027972 0.020080321285140562
0 0.42657342657342656 0.8654618473895582 0.006993006993006993 0.008032128514056224
0 0.3951048951048951 0.8514056224899599 0.006993006993006993 0.012048192771084338
0 0.4020979020979021 0.8192771084337349 0.0034965034965034965 0.012048192771084338
0 0.3924825174825175 0.8122489959839357 0.005244755244755245 0.010040160642570281
0 0.3618881118881119 0.8022088353413654 0.006993006993006993 0.010040160642570281
0 0.3339160839160839 0.8363453815261044 0.006993006993006993 0.010040160642570281
0 0.354020979020979 0.7740963855421686 0.022727272727272728 0.02610441767068273
0 0.3155594405594406 0.7740963855421686 0.026223776223776224 0.030120481927710843
0 0.2718531468531469 0.7399598393574297 0.07517482517482517 0.05823293172690763
0 0.3994755244755245 0.6887550200803213 0.008741258741258742 0.012048192771084338
0 0.2526223776223776 0.6706827309236948 0.015734265734265736 0.01606425702811245
0 0.26223776223776224 0.6957831325301205 0.01048951048951049 0.014056224899598393
0 0.2403846153846154 0.6937751004016064 0.005244755244755245 0.010040160642570281
0 0.27534965034965037 0.6556224899598394 0.008741258741258742 0.010040160642570281
0 0.22814685314685315 0.643574297188755 0.012237762237762238 0.014056224899598393
0 0.2062937062937063 0.9096385542168675 0.01048951048951049 0.008032128514056224
0 0.6564685314685315 0.7520080321285141 0.005244755244755245 0.010040160642570281
0 0.03496503496503497 0.5732931726907631 0.01048951048951049 0.010040160642570281
0 0.15122377622377622 0.7188755020080321 0.008741258741258742 0.004016064257028112
0 0.1993006993006993 0.7821285140562249 0.013986013986013986 0.010040160642570281
0 0.18094405594405594 0.75 0.008741258741258742 0.010040160642570281
0 0.5375874125874126 0.8242971887550201 0.005244755244755245 0.014056224899598393
0 0.7071678321678322 0.7841365461847389 0.005244755244755245 0.006024096385542169
0 0.4982517482517482 0.7640562248995983 0.0034965034965034965 0.010040160642570281
5 0.1652097902097902 0.3192771084337349 0.02972027972027972 0.040160642570281124
5 0.5673076923076923 0.11947791164658635 0.050699300699300696 0.050200803212851405
5 0.5034965034965035 0.37751004016064255 0.15034965034965034 0.13654618473895583
5 0.6381118881118881 0.3433734939759036 0.038461538461538464 0.05622489959839357
5 0.6241258741258742 0.7238955823293173 0.32517482517482516 0.5522088353413654
5 0.8444055944055944 0.5883534136546185 0.06643356643356643 0.08433734939759036
5 0.9274475524475524 0.8493975903614458 0.08216783216783216 0.1646586345381526
0 0.8409090909090909 0.7248995983935743 0.006993006993006993 0.012048192771084338
