0 0.8803088803088803 0.39300411522633744 0.015444015444015444 0.012345679012345678
0 0.13706563706563707 0.5370370370370371 0.03474903474903475 0.037037037037037035
0 0.4942084942084942 0.7674897119341564 0.007722007722007722 0.00411522633744856
0 0.5096525096525096 0.7551440329218106 0.023166023166023165 0.00411522633744856
0 0.8011583011583011 0.5596707818930041 0.02702702702702703 0.00823045267489712
1 0.13127413127413126 0.25308641975308643 0.1776061776061776 0.2674897119341564
2 0.1583011583011583 0.9135802469135802 0.23938223938223938 0.03292181069958848
2 0.915057915057915 0.8621399176954733 0.10038610038610038 0.06172839506172839
6 0.6351351351351351 0.8580246913580247 0.1583011583011583 0.2839506172839506
7 0.44787644787644787 0.36419753086419754 0.16988416988416988 0.22633744855967078
7 0.8011583011583011 0.5452674897119342 0.305019305019305 0.3662551440329218
4 0.3166023166023166 0.8518518518518519 0.3938223938223938 0.24691358024691357
4 0.8146718146718147 0.8539094650205762 0.23938223938223938 0.21810699588477367
4 0.5868725868725869 0.3991769547325103 0.20077220077220076 0.2962962962962963
