2 0.8951388888888889 0.7986111111111112 0.029166666666666667 0.03125
1 0.18958333333333333 0.3038194444444444 0.24583333333333332 0.5486111111111112
0 0.3347222222222222 0.1032986111111111 0.03333333333333333 0.07118055555555555
0 0.9090277777777778 0.18663194444444445 0.0125 0.036458333333333336
0 0.12083333333333333 0.8645833333333334 0.027777777777777776 0.04513888888888889
0 0.4284722222222222 0.3515625 0.009722222222222222 0.078125
0 0.4083333333333333 0.3550347222222222 0.008333333333333333 0.08159722222222222
0 0.8388888888888889 0.24913194444444445 0.03611111111111111 0.07465277777777778
0 0.8319444444444445 0.2960069444444444 0.008333333333333333 0.012152777777777778
0 0.8152777777777778 0.3289930555555556 0.03611111111111111 0.08159722222222222
0 0.78125 0.3559027777777778 0.02638888888888889 0.03125
0 0.8270833333333333 0.4453125 0.04583333333333333 0.15104166666666666
0 0.9243055555555556 0.3125 0.020833333333333332 0.1423611111111111
0 0.9034722222222222 0.3706597222222222 0.043055555555555555 0.10243055555555555
0 0.8222222222222222 0.5729166666666666 0.019444444444444445 0.05555555555555555
0 0.8673611111111111 0.4904513888888889 0.029166666666666667 0.06076388888888889
0 0.8847222222222222 0.6015625 0.005555555555555556 0.03298611111111111
0 0.7881944444444444 0.703125 0.020833333333333332 0.034722222222222224
0 0.9173611111111111 0.6553819444444444 0.029166666666666667 0.16493055555555555
0 0.9326388888888889 0.6527777777777778 0.006944444444444444 0.05555555555555555
0 0.84375 0.8802083333333334 0.02638888888888889 0.03819444444444445
0 0.8465277777777778 0.9175347222222222 0.015277777777777777 0.019097222222222224
0 0.8180555555555555 0.9288194444444444 0.011111111111111112 0.03125
0 0.7888888888888889 0.9097222222222222 0.025 0.020833333333333332
4 0.5381944444444444 0.5711805555555556 0.21805555555555556 0.3263888888888889
