2 0.24903474903474904 0.365702479338843 0.4749034749034749 0.4090909090909091
2 0.6042471042471043 0.5289256198347108 0.13513513513513514 0.6115702479338843
2 0.36486486486486486 0.2871900826446281 0.03474903474903475 0.09504132231404959
2 0.42857142857142855 0.33884297520661155 0.05405405405405406 0.14049586776859505
2 0.40733590733590735 0.5950413223140496 0.05019305019305019 0.06611570247933884
0 0.41505791505791506 0.6714876033057852 0.02702702702702703 0.045454545454545456
2 0.3667953667953668 0.7107438016528925 0.03861003861003861 0.05785123966942149
2 0.27606177606177607 0.8429752066115702 0.13513513513513514 0.15702479338842976
2 0.0888030888030888 0.8553719008264463 0.16216216216216217 0.2892561983471074
2 0.06177606177606178 0.628099173553719 0.0694980694980695 0.06611570247933884
2 0.26640926640926643 0.5826446280991735 0.13127413127413126 0.1487603305785124
2 0.8803088803088803 0.878099173553719 0.10038610038610038 0.07024793388429752
2 0.8918918918918919 0.7417355371900827 0.06177606177606178 0.1859504132231405
