2 0.03611898016997167 0.19671361502347418 0.06940509915014165 0.01971830985915493
2 0.023725212464589234 0.22582159624413145 0.04320113314447592 0.01971830985915493
2 0.06586402266288952 0.3380281690140845 0.12889518413597734 0.020657276995305163
2 0.010623229461756374 0.36619718309859156 0.018413597733711047 0.018779342723004695
2 0.047096317280453256 0.3652582159624413 0.03328611898016997 0.018779342723004695
2 0.9543201133144475 0.07370892018779343 0.04320113314447592 0.05352112676056338
1 0.44157223796033995 0.10328638497652583 0.31798866855524077 0.16338028169014085
0 0.5987960339943342 0.960093896713615 0.12677053824362605 0.07793427230046948
0 0.6859065155807366 0.468075117370892 0.019121813031161474 0.04225352112676056
0 0.6423512747875354 0.43051643192488265 0.0226628895184136 0.030985915492957747
0 0.7117563739376771 0.38215962441314555 0.009915014164305949 0.018779342723004695
0 0.7199008498583569 0.3544600938967136 0.006373937677053824 0.012206572769953052
0 0.6972379603399433 0.34507042253521125 0.020538243626062325 0.0215962441314554
0 0.6643059490084986 0.3629107981220657 0.012747875354107648 0.01596244131455399
0 0.6225212464589235 0.36056338028169016 0.0169971671388102 0.015023474178403756
0 0.6002124645892352 0.3727699530516432 0.014872521246458924 0.011267605633802818
0 0.615084985835694 0.2943661971830986 0.023371104815864022 0.014084507042253521
0 0.6260623229461756 0.2605633802816901 0.014164305949008499 0.01784037558685446
0 0.5711756373937678 0.27417840375586855 0.020538243626062325 0.013145539906103286
0 0.3378186968838527 0.21502347417840376 0.019830028328611898 0.05258215962441314
0 0.5527620396600567 0.1511737089201878 0.030453257790368272 0.07136150234741784
0 0.5375354107648725 0.19201877934272302 0.0113314447592068 0.012206572769953052
0 0.6487252124645893 0.3103286384976526 0.0084985835694051 0.006572769953051643
0 0.6331444759206799 0.42018779342723006 0.014164305949008499 0.014084507042253521
0 0.3342776203966006 0.25258215962441316 0.015580736543909348 0.015023474178403756
0 0.11154390934844192 0.29577464788732394 0.07011331444759207 0.2028169014084507
0 0.10127478753541076 0.23849765258215963 0.03824362606232295 0.09953051643192488
0 0.09277620396600567 0.44647887323943664 0.0113314447592068 0.027230046948356807
4 0.3665014164305949 0.7549295774647887 0.5035410764872521 0.46572769953051646
