2 0.46332046332046334 0.6260330578512396 0.525096525096525 0.7479338842975206
2 0.8803088803088803 0.8760330578512396 0.10038610038610038 0.06611570247933884
2 0.06756756756756757 0.9276859504132231 0.11969111969111969 0.028925619834710745
0 0.2702702702702703 0.8471074380165289 0.03861003861003861 0.049586776859504134
0 0.4034749034749035 0.5826446280991735 0.019305019305019305 0.024793388429752067
0 0.3088803088803089 0.7913223140495868 0.03088803088803089 0.02066115702479339
0 0.5231660231660231 0.5268595041322314 0.03474903474903475 0.028925619834710745
0 0.3166023166023166 0.7541322314049587 0.05405405405405406 0.028925619834710745
2 0.8513513513513513 0.5165289256198347 0.22007722007722008 0.1652892561983471
2 0.7413127413127413 0.8698347107438017 0.1776061776061776 0.1446280991735537
