0 0.4 0.8498609823911029 0.04497991967871486 0.033364226135310475
0 0.40843373493975904 0.9467099165894347 0.05060240963855422 0.037998146431881374
0 0.3550200803212851 0.8901760889712697 0.01285140562248996 0.012048192771084338
0 0.40120481927710844 0.9263206672845227 0.008835341365461847 0.006487488415199258
0 0.3706827309236948 0.8415199258572753 0.010441767068273093 0.0074142724745134385
0 0.46947791164658637 0.731696014828545 0.015261044176706828 0.015755329008341055
0 0.4714859437751004 0.705746061167748 0.01285140562248996 0.013901760889712697
0 0.37269076305220883 0.7298424467099166 0.01285140562248996 0.008341056533827619
6 0.3469879518072289 0.8392029657089898 0.28433734939759037 0.3178869323447637
2 0.26465863453815264 0.5750695088044485 0.010441767068273093 0.021316033364226137
2 0.25261044176706826 0.5898980537534755 0.007228915662650603 0.015755329008341055
2 0.9763052208835341 0.9680259499536608 0.021686746987951807 0.023169601482854494
4 0.3827309236947791 0.5069508804448564 0.2321285140562249 0.3262279888785913
