6 0.16535044422507403 0.6083916083916084 0.3070088845014807 0.413986013986014
0 0.7537018756169793 0.4195804195804196 0.08983218163869694 0.1986013986013986
0 0.6979269496544916 0.6895104895104895 0.009871668311944718 0.016783216783216783
0 0.6850937808489634 0.6573426573426573 0.02566633761105627 0.019580419580419582
0 0.11599210266535044 0.34615384615384615 0.024679170779861797 0.07132867132867132
0 0.5661401776900297 0.34965034965034963 0.09378084896347483 0.10909090909090909
0 0.633761105626851 0.17202797202797201 0.01579466929911155 0.022377622377622378
0 0.47630799605133267 0.24405594405594405 0.060217176702862786 0.07412587412587412
0 0.5947680157946693 0.13356643356643358 0.024679170779861797 0.057342657342657345
0 0.35636722606120436 0.43846153846153846 0.029615004935834157 0.026573426573426574
0 0.3213228035538006 0.3230769230769231 0.03257650542941757 0.05034965034965035
0 0.6850937808489634 0.3839160839160839 0.02171767028627838 0.02937062937062937
0 0.6979269496544916 0.43776223776223777 0.009871668311944718 0.027972027972027972
0 0.71964461994077 0.45454545454545453 0.013820335636722606 0.05034965034965035
0 0.6441263573543929 0.479020979020979 0.04244817374136229 0.07412587412587412
0 0.5844027640671273 0.5503496503496503 0.059230009871668314 0.1972027972027972
0 0.36130306021717673 0.5615384615384615 0.13820335636722605 0.16363636363636364
0 0.3820335636722606 0.7090909090909091 0.05133267522211254 0.06713286713286713
0 0.45557749259624875 0.8447552447552448 0.018756169792694965 0.027972027972027972
0 0.48025666337611056 0.827972027972028 0.02073050345508391 0.019580419580419582
0 0.4674234945705824 0.7881118881118881 0.06811451135241856 0.05174825174825175
0 0.5078973346495558 0.8216783216783217 0.01678183613030602 0.015384615384615385
0 0.6717670286278381 0.7958041958041958 0.024679170779861797 0.039160839160839164
0 0.5370187561697927 0.6314685314685314 0.011846001974333662 0.026573426573426574
0 0.638203356367226 0.05244755244755245 0.07996051332675222 0.07692307692307693
0 0.7147087857847977 0.5048951048951049 0.011846001974333662 0.033566433566433566
0 0.7245804540967423 0.548951048951049 0.007897334649555774 0.023776223776223775
0 0.2764067127344521 0.8083916083916084 0.013820335636722606 0.013986013986013986
0 0.253208292201382 0.7643356643356644 0.008884501480750246 0.012587412587412588
0 0.5893385982230998 0.6566433566433566 0.011846001974333662 0.043356643356643354
0 0.5562685093780849 0.15734265734265734 0.02073050345508391 0.02937062937062937
0 0.5834155972359328 0.18181818181818182 0.02566633761105627 0.04195804195804196
0 0.41115498519249755 0.7055944055944056 0.03652517275419546 0.06013986013986014
0 0.4353405725567621 0.6979020979020979 0.03751233958538993 0.05314685314685315
0 0.3129318854886476 0.7916083916083916 0.039486673247778874 0.05874125874125874
0 0.6011846001974334 0.7230769230769231 0.02171767028627838 0.016783216783216783
0 0.6451135241855873 0.7769230769230769 0.022704837117472853 0.01818181818181818
0 0.48321816386969396 0.8699300699300699 0.01085883514313919 0.016783216783216783
0 0.7852912142152023 0.5426573426573427 0.024679170779861797 0.025174825174825177
1 0.13820335636722605 0.4909090909090909 0.15597235932872655 0.15384615384615385
