1 0.7355305466237942 0.9314179796107507 0.3971061093247588 0.13531047265987026
5 0.6137459807073955 0.30815569972196477 0.04260450160771704 0.021316033364226137
5 0.16639871382636656 0.6107506950880445 0.05627009646302251 0.14828544949026876
2 0.03818327974276527 0.7122335495829472 0.06189710610932476 0.08619091751621873
2 0.12982315112540194 0.536144578313253 0.028135048231511254 0.025023169601482854
2 0.6097266881028939 0.5991658943466173 0.016881028938906754 0.028730305838739572
2 0.32636655948553056 0.42493049119555143 0.008038585209003215 0.017608897126969416
2 0.3979099678456592 0.6014828544949027 0.01607717041800643 0.024096385542168676
2 0.4292604501607717 0.6019462465245597 0.00964630225080386 0.017608897126969416
2 0.3540996784565916 0.6482854494902688 0.007234726688102894 0.013901760889712697
2 0.5679260450160771 0.6770157553290084 0.01045016077170418 0.013901760889712697
2 0.16197749196141478 0.6367006487488415 0.01527331189710611 0.018535681186283594
2 0.15836012861736334 0.5866543095458758 0.012861736334405145 0.011121408711770158
2 0.9766881028938906 0.9675625579240037 0.024115755627009645 0.020389249304911955
4 0.4694533762057878 0.2618164967562558 0.36012861736334406 0.32715477293790546
