0 0.7102090032154341 0.4633920296570899 0.02009646302250804 0.06302131603336422
0 0.7118167202572347 0.39666357738646896 0.021704180064308683 0.033364226135310475
0 0.692524115755627 0.34151992585727525 0.04742765273311897 0.12140871177015755
0 0.7110128617363344 0.3637627432808156 0.021704180064308683 0.017608897126969416
0 0.6286173633440515 0.2974976830398517 0.01607717041800643 0.029657089898053754
0 0.662379421221865 0.28544949026876737 0.024115755627009645 0.04448563484708063
0 0.5848070739549839 0.46570898980537534 0.09887459807073955 0.03614457831325301
0 0.6446945337620579 0.49814643188137164 0.014469453376205787 0.017608897126969416
0 0.6237942122186495 0.4138090824837813 0.022508038585209004 0.023169601482854494
0 0.6438906752411575 0.43836886005560705 0.022508038585209004 0.016682113067655237
0 0.4662379421221865 0.4281742354031511 0.1157556270096463 0.0963855421686747
0 0.5068327974276527 0.25857275254865614 0.012057877813504822 0.018535681186283594
0 0.08762057877813505 0.3572752548656163 0.012861736334405145 0.015755329008341055
0 0.00964630225080386 0.43234476367006486 0.017684887459807074 0.03243744207599629
0 0.008440514469453377 0.4721964782205746 0.013665594855305467 0.021316033364226137
0 0.055868167202572344 0.5037071362372567 0.058681672025723476 0.08433734939759036
0 0.01607717041800643 0.5912882298424467 0.028938906752411574 0.025949953660797033
0 0.125 0.5690454124189064 0.01527331189710611 0.020389249304911955
0 0.12057877813504823 0.6047265987025023 0.022508038585209004 0.028730305838739572
0 0.12540192926045016 0.6436515291936978 0.02572347266881029 0.012048192771084338
0 0.013263665594855305 0.6204819277108434 0.018488745980707395 0.015755329008341055
0 0.024115755627009645 0.6255792400370713 0.00964630225080386 0.0074142724745134385
0 0.011254019292604502 0.6422613531047267 0.014469453376205787 0.018535681186283594
0 0.008038585209003215 0.18118628359592215 0.00964630225080386 0.023169601482854494
0 0.01607717041800643 0.6672845227062094 0.027331189710610933 0.022242817423540315
0 0.033360128617363344 0.706209453197405 0.013665594855305467 0.014828544949026877
0 0.08721864951768489 0.680259499536608 0.012057877813504822 0.016682113067655237
0 0.04340836012861737 0.6255792400370713 0.012861736334405145 0.009267840593141797
0 0.05747588424437299 0.5894346617238183 0.013665594855305467 0.009267840593141797
0 0.0880225080385852 0.577386468952734 0.012057877813504822 0.009267840593141797
0 0.12057877813504823 0.7210379981464319 0.014469453376205787 0.011121408711770158
0 0.13745980707395497 0.7303058387395737 0.01607717041800643 0.011121408711770158
0 0.14188102893890675 0.7391102873030584 0.013665594855305467 0.008341056533827619
0 0.05104501607717042 0.7590361445783133 0.02009646302250804 0.022242817423540315
0 0.02130225080385852 0.7502316960148285 0.012057877813504822 0.013901760889712697
0 0.04863344051446945 0.8744207599629287 0.02491961414790997 0.025023169601482854
0 0.03657556270096463 0.8498609823911029 0.012057877813504822 0.009267840593141797
0 0.01929260450160772 0.8461538461538461 0.00964630225080386 0.0074142724745134385
0 0.006430868167202572 0.8164967562557924 0.008038585209003215 0.009267840593141797
0 0.01527331189710611 0.7173308619091752 0.008038585209003215 0.011121408711770158
0 0.044614147909967844 0.7808155699721965 0.013665594855305467 0.006487488415199258
0 0.05908360128617363 0.6427247451343837 0.01045016077170418 0.006487488415199258
0 0.009244372990353697 0.7307692307692307 0.007234726688102894 0.006487488415199258
0 0.006028938906752411 0.7414272474513438 0.01045016077170418 0.012974976830398516
0 0.006430868167202572 0.7103799814643188 0.00964630225080386 0.008341056533827619
0 0.007636655948553055 0.6895273401297498 0.0040192926045016075 0.005560704355885079
0 0.018488745980707395 0.6913809082483782 0.008038585209003215 0.0074142724745134385
0 0.1157556270096463 0.8405931417979611 0.011254019292604502 0.0074142724745134385
0 0.16157556270096463 0.9318813716404077 0.012861736334405145 0.013901760889712697
2 0.9754823151125402 0.9666357738646896 0.02652733118971061 0.027803521779425393
