0 0.24517684887459806 0.4045412418906395 0.04180064308681672 0.09545875810936053
2 0.17041800643086816 0.09036144578313253 0.05144694533762058 0.10658016682113068
2 0.2628617363344051 0.25532900834105654 0.03376205787781351 0.03243744207599629
2 0.8368167202572347 0.1566265060240964 0.2491961414790997 0.23169601482854496
2 0.4694533762057878 0.11214087117701575 0.10610932475884244 0.21686746987951808
0 0.13263665594855306 0.7789620018535681 0.02572347266881029 0.03429101019462465
0 0.1434887459807074 0.8164967562557924 0.02652733118971061 0.033364226135310475
0 0.01004823151125402 0.8002780352177943 0.013665594855305467 0.04541241890639481
0 0.03054662379421222 0.8605189990732159 0.03215434083601286 0.03429101019462465
0 0.08118971061093247 0.8234476367006488 0.04662379421221865 0.04170528266913809
0 0.07877813504823152 0.7780352177942539 0.02090032154340836 0.025023169601482854
2 0.9754823151125402 0.9684893419833179 0.02009646302250804 0.024096385542168676
3 0.45739549839228294 0.3313253012048193 0.8971061093247589 0.5755329008341057
