0 0.47314487632508834 0.027699530516431925 0.11519434628975266 0.04037558685446009
0 0.36289752650176677 0.05117370892018779 0.07420494699646643 0.08169014084507042
0 0.2823321554770318 0.059154929577464786 0.0657243816254417 0.05821596244131456
0 0.4363957597173145 0.1 0.0939929328621908 0.08732394366197183
0 0.48692579505300354 0.14272300469483568 0.01696113074204947 0.020657276995305163
0 0.6636042402826855 0.14741784037558686 0.025441696113074206 0.028169014084507043
0 0.5183745583038869 0.2140845070422535 0.06431095406360424 0.07511737089201878
0 0.6335689045936396 0.1671361502347418 0.028975265017667843 0.024413145539906103
0 0.6349823321554771 0.19530516431924883 0.0063604240282685515 0.007511737089201878
0 0.6371024734982332 0.215962441314554 0.021908127208480566 0.018779342723004695
0 0.603886925795053 0.3835680751173709 0.014840989399293287 0.030985915492957747
0 0.6802120141342756 0.3624413145539906 0.012014134275618375 0.016901408450704224
0 0.6275618374558304 0.8413145539906103 0.01696113074204947 0.013145539906103286
0 0.6395759717314488 0.8535211267605634 0.012720848056537103 0.024413145539906103
0 0.7469964664310954 0.952112676056338 0.019787985865724382 0.018779342723004695
0 0.7335689045936395 0.9910798122065728 0.03674911660777385 0.01596244131455399
0 0.11554770318021201 0.24694835680751173 0.01342756183745583 0.020657276995305163
0 0.06537102473498234 0.17417840375586854 0.012014134275618375 0.0215962441314554
6 0.1166077738515901 0.7225352112676057 0.18515901060070672 0.3596244131455399
2 0.0392226148409894 0.18826291079812207 0.07420494699646643 0.01971830985915493
2 0.026148409893992933 0.21737089201877935 0.04946996466431095 0.01971830985915493
2 0.06819787985865725 0.3295774647887324 0.13356890459363957 0.020657276995305163
2 0.01342756183745583 0.3563380281690141 0.02402826855123675 0.01596244131455399
2 0.04946996466431095 0.3572769953051643 0.0353356890459364 0.01971830985915493
0 0.042756183745583036 0.6262910798122066 0.03604240282685512 0.05070422535211268
4 0.3 0.8474178403755869 0.1971731448763251 0.2544600938967136
4 0.13392226148409894 0.45868544600938965 0.13074204946996468 0.18685446009389672
4 0.22438162544169613 0.6126760563380281 0.1010600706713781 0.10422535211267606
