0 0.175 0.5778571428571428 0.0375 0.024285714285714285
0 0.22125 0.6307142857142857 0.0425 0.015714285714285715
0 0.0075 0.6264285714285714 0.0125 0.027142857142857142
6 0.15625 0.7007142857142857 0.3075 0.3242857142857143
2 0.771875 0.11571428571428571 0.16625 0.2057142857142857
2 0.236875 0.7 0.02625 0.03142857142857143
0 0.206875 0.7392857142857143 0.02125 0.012857142857142857
0 0.2325 0.735 0.01 0.007142857142857143
0 0.220625 0.5407142857142857 0.01875 0.007142857142857143
2 0.30125 0.8057142857142857 0.03 0.04
0 0.719375 0.1357142857142857 0.03625 0.09142857142857143
4 0.354375 0.5135714285714286 0.15625 0.17
3 0.863125 0.55 0.25875 0.8628571428571429
