1 0.0325 0.14142857142857143 0.055 0.10285714285714286
2 0.261875 0.6542857142857142 0.46875 0.5342857142857143
7 0.793125 0.8292857142857143 0.37625 0.33285714285714285
2 0.824375 0.775 0.09875 0.05285714285714286
2 0.818125 0.7421428571428571 0.02125 0.015714285714285715
0 0.789375 0.7707142857142857 0.00875 0.007142857142857143
0 0.8175 0.7428571428571429 0.0075 0.005714285714285714
0 0.854375 0.7678571428571429 0.01125 0.018571428571428572
0 0.799375 0.7907142857142857 0.01375 0.015714285714285715
4 0.46875 0.6671428571428571 0.29 0.2914285714285714
