2 0.144375 0.7764285714285715 0.02875 0.012857142857142857
0 0.21375 0.6257142857142857 0.02 0.014285714285714285
0 0.009375 0.6228571428571429 0.01375 0.025714285714285714
2 0.8225 0.21785714285714286 0.0475 0.11
2 0.941875 0.17857142857142858 0.04375 0.07714285714285714
2 0.764375 0.06357142857142857 0.06375 0.10142857142857142
2 0.09 0.8435714285714285 0.035 0.03
0 0.175625 0.5785714285714286 0.03375 0.022857142857142857
6 0.139375 0.7128571428571429 0.27375 0.3028571428571429
4 0.37 0.4764285714285714 0.16 0.17285714285714285
