0 0.14125 0.9664285714285714 0.045 0.05
0 0.0975 0.5814285714285714 0.035 0.017142857142857144
1 0.031875 0.14785714285714285 0.05875 0.13
2 0.374375 0.5392857142857143 0.74375 0.9128571428571428
2 0.87375 0.7535714285714286 0.0275 0.03571428571428571
2 0.8225 0.7685714285714286 0.0475 0.05714285714285714
0 0.8725 0.7492857142857143 0.0075 0.02142857142857143
0 0.821875 0.7707142857142857 0.01375 0.01
0 0.81625 0.7471428571428571 0.0075 0.005714285714285714
7 0.789375 0.8235714285714286 0.38125 0.3442857142857143
0 0.15625 0.16785714285714284 0.0125 0.015714285714285715
4 0.455625 0.6607142857142857 0.24125 0.28714285714285714
