2 0.144375 0.7764285714285715 0.02875 0.012857142857142857
0 0.009375 0.6228571428571429 0.01375 0.025714285714285714
6 0.16125 0.6935714285714286 0.315 0.3242857142857143
2 0.791875 0.2 0.07375 0.13142857142857142
2 0.019375 0.5492857142857143 0.02625 0.047142857142857146
0 0.175 0.5771428571428572 0.0325 0.022857142857142857
0 0.22 0.6278571428571429 0.0425 0.02142857142857143
4 0.37375 0.49 0.1725 0.16285714285714287
2 0.895 0.11 0.1 0.09142857142857143
2 0.7325 0.04857142857142857 0.0925 0.07714285714285714
