2 0.6825 0.15714285714285714 0.095 0.14857142857142858
2 0.748125 0.9707142857142858 0.06125 0.041428571428571426
2 0.495625 0.38 0.05625 0.28
2 0.181875 0.3821428571428571 0.17125 0.21285714285714286
2 0.155625 0.8607142857142858 0.02875 0.024285714285714285
2 0.26875 0.8242857142857143 0.05 0.04285714285714286
2 0.081875 0.9157142857142857 0.01875 0.025714285714285714
2 0.11 0.8678571428571429 0.055 0.03857142857142857
0 0.206875 0.465 0.05125 0.08714285714285715
6 0.165625 0.48428571428571426 0.27125 0.3457142857142857
6 0.138125 0.7135714285714285 0.27125 0.2842857142857143
6 0.17875 0.5357142857142857 0.0525 0.13714285714285715
0 0.685 0.1407142857142857 0.0525 0.07
4 0.33125 0.5735714285714286 0.1575 0.2042857142857143
2 0.838125 0.17142857142857143 0.09625 0.18
