6 0.14375 0.6014285714285714 0.275 0.5085714285714286
2 0.201875 0.8085714285714286 0.04125 0.10571428571428572
2 0.303125 0.46285714285714286 0.11625 0.1457142857142857
2 0.270625 0.6442857142857142 0.01375 0.03428571428571429
2 0.2225 0.6292857142857143 0.0325 0.012857142857142857
2 0.221875 0.6478571428571429 0.02375 0.01
0 0.22625 0.44857142857142857 0.035 0.025714285714285714
0 0.248125 0.38642857142857145 0.01625 0.024285714285714285
2 0.5825 0.2835714285714286 0.0475 0.14714285714285713
0 0.61 0.32285714285714284 0.055 0.15142857142857144
0 0.22125 0.37214285714285716 0.015 0.007142857142857143
2 0.79625 0.4942857142857143 0.385 0.9714285714285714
