2 0.189375 0.5042857142857143 0.25125 0.2857142857142857
2 0.210625 0.665 0.02125 0.032857142857142856
2 0.160625 0.7842857142857143 0.07875 0.05714285714285714
2 0.828125 0.4928571428571429 0.12125 0.12
2 0.83125 0.12428571428571429 0.085 0.19142857142857142
2 0.72875 0.9292857142857143 0.06 0.07857142857142857
0 0.794375 0.5064285714285715 0.01875 0.04428571428571428
0 0.72625 0.9228571428571428 0.0275 0.04285714285714286
6 0.1475 0.6164285714285714 0.2925 0.48714285714285716
4 0.055 0.5185714285714286 0.11 0.08857142857142856
4 0.120625 0.8878571428571429 0.14875 0.18142857142857144
