2 0.149375 0.8192857142857143 0.11625 0.07285714285714286
0 0.1925 0.8764285714285714 0.0175 0.01
0 0.2625 0.8421428571428572 0.015 0.018571428571428572
0 0.185 0.45 0.0225 0.04
2 0.221875 0.7864285714285715 0.03625 0.03
2 0.071875 0.9178571428571428 0.02125 0.02142857142857143
6 0.155625 0.48928571428571427 0.30625 0.3871428571428571
6 0.1225 0.7221428571428572 0.2425 0.2757142857142857
6 0.19375 0.7885714285714286 0.205 0.14
0 0.66625 0.08928571428571429 0.035 0.047142857142857146
2 0.186875 0.4064285714285714 0.14625 0.22142857142857142
0 0.21 0.32285714285714284 0.0225 0.02
2 0.798125 0.24 0.06375 0.08
4 0.366875 0.5621428571428572 0.20875 0.21857142857142858
