2 0.633125 0.24714285714285714 0.05375 0.11714285714285715
2 0.564375 0.20857142857142857 0.05375 0.07142857142857142
2 0.348125 0.47785714285714287 0.08375 0.23857142857142857
2 0.16 0.7907142857142857 0.105 0.07571428571428572
2 0.01875 0.8371428571428572 0.02 0.02
2 0.055625 0.8764285714285714 0.02125 0.03
2 0.043125 0.5957142857142858 0.08125 0.07428571428571429
6 0.144375 0.5921428571428572 0.28375 0.51
2 0.223125 0.32357142857142857 0.03625 0.02142857142857143
0 0.199375 0.405 0.05375 0.07857142857142857
2 0.7175 0.49857142857142855 0.56 0.9828571428571429
