2 0.593125 0.30642857142857144 0.03625 0.07571428571428572
0 0.574375 0.2957142857142857 0.02875 0.05142857142857143
0 0.218125 0.44142857142857145 0.02625 0.025714285714285714
2 0.191875 0.8157142857142857 0.02875 0.09714285714285714
2 0.123125 0.795 0.02625 0.03
6 0.14 0.5957142857142858 0.2775 0.5
2 0.170625 0.4357142857142857 0.02125 0.04
2 0.276875 0.4614285714285714 0.08375 0.13142857142857142
2 0.20875 0.6407142857142857 0.035 0.015714285714285715
2 0.765 0.49714285714285716 0.4625 0.9771428571428571
