2 0.0475 0.5214285714285715 0.0875 0.12571428571428572
2 0.08375 0.8414285714285714 0.085 0.13714285714285715
2 0.28625 0.46785714285714286 0.055 0.11285714285714285
2 0.151875 0.7785714285714286 0.06375 0.05142857142857143
0 0.169375 0.38142857142857145 0.02375 0.037142857142857144
0 0.20625 0.37285714285714283 0.0425 0.03142857142857143
0 0.19875 0.42214285714285715 0.0175 0.015714285714285715
0 0.21 0.4878571428571429 0.02 0.015714285714285715
0 0.225 0.46785714285714286 0.015 0.018571428571428572
6 0.145625 0.5557142857142857 0.28125 0.5714285714285714
2 0.56375 0.21785714285714286 0.0425 0.13285714285714287
2 0.26625 0.2892857142857143 0.0225 0.05
2 0.745625 0.5028571428571429 0.49625 0.9742857142857143
