2 0.810625 0.15214285714285714 0.15875 0.22714285714285715
2 0.0075 0.5607142857142857 0.0125 0.041428571428571426
0 0.175 0.5778571428571428 0.0375 0.024285714285714285
0 0.22125 0.6307142857142857 0.0425 0.015714285714285715
0 0.0075 0.6264285714285714 0.0125 0.027142857142857142
2 0.04875 0.8521428571428571 0.0225 0.03
2 0.36625 0.8592857142857143 0.04 0.018571428571428572
2 0.58625 0.5892857142857143 0.02 0.03571428571428571
6 0.15625 0.7007142857142857 0.3075 0.3242857142857143
0 0.750625 0.15071428571428572 0.02625 0.07
4 0.36375 0.4957142857142857 0.165 0.1742857142857143
