2 0.10875 0.8092857142857143 0.1225 0.11571428571428571
2 0.215625 0.7407142857142858 0.06875 0.09571428571428571
2 0.3075 0.455 0.05 0.1442857142857143
2 0.34125 0.225 0.0375 0.03857142857142857
2 0.28375 0.7892857142857143 0.025 0.027142857142857142
2 0.085625 0.5571428571428572 0.04625 0.06
2 0.036875 0.6392857142857142 0.02125 0.018571428571428572
0 0.20875 0.3821428571428571 0.0375 0.03857142857142857
6 0.146875 0.5835714285714285 0.28875 0.5471428571428572
0 0.199375 0.4257142857142857 0.02125 0.02
2 0.704375 0.5 0.57625 0.9685714285714285
