2 0.3025 0.5114285714285715 0.0525 0.06
2 0.18875 0.8 0.015 0.02857142857142857
6 0.149375 0.5985714285714285 0.29375 0.5057142857142857
2 0.804375 0.07428571428571429 0.07375 0.12571428571428572
2 0.798125 0.45285714285714285 0.12125 0.11142857142857143
2 0.74125 0.9085714285714286 0.0775 0.07142857142857142
2 0.22875 0.8078571428571428 0.02 0.012857142857142857
2 0.30625 0.4328571428571429 0.04 0.10285714285714286
0 0.8275 0.4542857142857143 0.025 0.06571428571428571
0 0.73125 0.9092857142857143 0.0375 0.041428571428571426
2 0.176875 0.7485714285714286 0.02875 0.03142857142857143
0 0.1775 0.44 0.01 0.022857142857142857
0 0.22125 0.45071428571428573 0.01 0.03
4 0.08 0.4907142857142857 0.1525 0.13857142857142857
4 0.11375 0.8764285714285714 0.1825 0.21857142857142858
