6 0.16875 0.7828571428571428 0.2825 0.11714285714285715
6 0.213125 0.5342857142857143 0.17125 0.44
6 0.0775 0.6642857142857143 0.15 0.36
6 0.13625 0.715 0.265 0.2557142857142857
0 0.213125 0.4657142857142857 0.05875 0.08571428571428572
2 0.21875 0.35928571428571426 0.08 0.09571428571428571
2 0.115625 0.42928571428571427 0.02625 0.04428571428571428
2 0.163125 0.2978571428571429 0.11625 0.07
2 0.07875 0.9164285714285715 0.0375 0.027142857142857142
2 0.17125 0.8464285714285714 0.0875 0.07
2 0.226875 0.7735714285714286 0.07625 0.08428571428571428
2 0.656875 0.165 0.05375 0.07571428571428572
2 0.383125 0.44142857142857145 0.13625 0.3028571428571429
2 0.029375 0.8307142857142857 0.01625 0.024285714285714285
2 0.015625 0.8507142857142858 0.01125 0.018571428571428572
2 0.3025 0.8285714285714286 0.0375 0.02857142857142857
2 0.688125 0.24857142857142858 0.01625 0.05142857142857143
0 0.67 0.21428571428571427 0.0275 0.08571428571428572
2 0.68625 0.19071428571428573 0.0275 0.05285714285714286
2 0.170625 0.3985714285714286 0.02375 0.04
2 0.6775 0.2957142857142857 0.05 0.06857142857142857
