2 0.106875 0.7857142857142857 0.09375 0.09142857142857143
2 0.036875 0.5685714285714286 0.06625 0.06857142857142857
2 0.20625 0.6042857142857143 0.0125 0.054285714285714284
2 0.029375 0.8721428571428571 0.01625 0.012857142857142857
2 0.00875 0.8564285714285714 0.01 0.012857142857142857
2 0.20125 0.32071428571428573 0.08 0.055714285714285716
2 0.181875 0.43857142857142856 0.15125 0.2057142857142857
2 0.19 0.7021428571428572 0.0175 0.032857142857142856
6 0.133125 0.5635714285714286 0.26125 0.5414285714285715
2 0.63375 0.49785714285714283 0.7125 0.9814285714285714
