6 0.155 0.5892857142857143 0.3025 0.5528571428571428
2 0.1725 0.35214285714285715 0.19 0.2357142857142857
2 0.24375 0.7842857142857143 0.085 0.09714285714285714
2 0.144375 0.855 0.06125 0.032857142857142856
2 0.07125 0.9185714285714286 0.02 0.02857142857142857
2 0.320625 0.84 0.06125 0.03428571428571429
2 0.375625 0.5585714285714286 0.09875 0.11428571428571428
2 0.745 0.9735714285714285 0.07 0.03857142857142857
0 0.666875 0.1657142857142857 0.08125 0.15428571428571428
0 0.205 0.46714285714285714 0.055 0.09142857142857143
0 0.145 0.8035714285714286 0.055 0.024285714285714285
2 0.834375 0.13857142857142857 0.05625 0.22857142857142856
4 0.3075 0.5628571428571428 0.155 0.21714285714285714
2 0.47625 0.37285714285714283 0.1075 0.2714285714285714
