2 0.13375 0.4785714285714286 0.2575 0.37142857142857144
2 0.149375 0.8192857142857143 0.11625 0.07285714285714286
0 0.1925 0.8764285714285714 0.0175 0.01
0 0.2625 0.8421428571428572 0.015 0.018571428571428572
0 0.184375 0.45 0.02375 0.04
2 0.221875 0.7864285714285715 0.03625 0.03
2 0.06875 0.915 0.015 0.027142857142857142
6 0.155625 0.48928571428571427 0.30625 0.3871428571428571
6 0.1225 0.7221428571428572 0.2425 0.2757142857142857
6 0.19375 0.7885714285714286 0.205 0.14
0 0.66625 0.08928571428571429 0.035 0.047142857142857146
6 0.170625 0.5535714285714286 0.07625 0.14142857142857143
4 0.37 0.5521428571428572 0.165 0.18714285714285714
2 0.79375 0.22285714285714286 0.1 0.11142857142857143
