2 0.65125 0.19642857142857142 0.0875 0.26142857142857145
2 0.191875 0.8521428571428571 0.06125 0.07857142857142857
2 0.24125 0.7692857142857142 0.1225 0.08428571428571428
2 0.184375 0.3092857142857143 0.17625 0.10142857142857142
0 0.193125 0.43857142857142856 0.01625 0.03142857142857143
0 0.22125 0.47285714285714286 0.0475 0.1
2 0.1475 0.49857142857142855 0.2925 0.36
6 0.125 0.7221428571428572 0.2475 0.27
2 0.406875 0.4142857142857143 0.05625 0.2342857142857143
2 0.335 0.7628571428571429 0.11 0.1657142857142857
2 0.2575 0.28285714285714286 0.02 0.054285714285714284
2 0.066875 0.5864285714285714 0.01875 0.024285714285714285
2 0.11625 0.435 0.0175 0.027142857142857142
