2 0.773125 0.4164285714285714 0.09125 0.10714285714285714
0 0.789375 0.4235714285714286 0.02875 0.047142857142857146
0 0.729375 0.02142857142857143 0.03625 0.03142857142857143
2 0.29625 0.5285714285714286 0.065 0.09428571428571429
2 0.18875 0.8 0.015 0.02857142857142857
6 0.149375 0.5985714285714285 0.29375 0.5057142857142857
0 0.245625 0.4757142857142857 0.03125 0.04285714285714286
2 0.763125 0.8964285714285715 0.02625 0.04428571428571428
2 0.79125 0.03857142857142857 0.045 0.06285714285714286
2 0.7375 0.03428571428571429 0.065 0.06285714285714286
4 0.11625 0.8971428571428571 0.1725 0.1742857142857143
4 0.09125 0.4928571428571429 0.1625 0.19428571428571428
