0 0.175 0.5778571428571428 0.0375 0.024285714285714285
0 0.22125 0.6307142857142857 0.0425 0.015714285714285715
0 0.0075 0.6264285714285714 0.0125 0.027142857142857142
2 0.04875 0.8521428571428571 0.0225 0.03
2 0.36625 0.8592857142857143 0.04 0.018571428571428572
2 0.58625 0.5892857142857143 0.02 0.03571428571428571
6 0.15625 0.7007142857142857 0.3075 0.3242857142857143
2 0.77625 0.13214285714285715 0.135 0.13
2 0.755625 0.25214285714285717 0.02125 0.10714285714285714
2 0.22 0.7364285714285714 0.0325 0.015714285714285715
4 0.350625 0.49785714285714283 0.15125 0.1757142857142857
5 0.54 0.66 0.0325 0.03142857142857143
5 0.51125 0.7135714285714285 0.035 0.03857142857142857
5 0.28875 0.7742857142857142 0.0375 0.037142857142857144
