6 0.151875 0.5792857142857143 0.30125 0.5614285714285714
0 0.670625 0.10571428571428572 0.03375 0.05142857142857143
2 0.18875 0.875 0.0525 0.015714285714285715
2 0.0875 0.9164285714285715 0.0325 0.03571428571428571
2 0.128125 0.8892857142857142 0.02875 0.015714285714285715
0 0.191875 0.44642857142857145 0.02625 0.032857142857142856
2 0.154375 0.30214285714285716 0.02125 0.024285714285714285
2 0.811875 0.14 0.09125 0.2571428571428571
2 0.109375 0.41 0.02125 0.022857142857142857
0 0.2625 0.8371428571428572 0.0175 0.011428571428571429
2 0.684375 0.13714285714285715 0.03875 0.025714285714285714
2 0.57 0.49 0.045 0.04857142857142857
2 0.216875 0.3335714285714286 0.09375 0.07
2 0.148125 0.4757142857142857 0.05875 0.09142857142857143
6 0.1825 0.5285714285714286 0.0625 0.1457142857142857
4 0.3675 0.5664285714285714 0.155 0.18142857142857144
