6 0.18625 0.7114285714285714 0.37 0.32857142857142857
6 0.915 0.8085714285714286 0.0225 0.025714285714285714
6 0.86875 0.8228571428571428 0.0325 0.04857142857142857
2 0.261875 0.5278571428571428 0.08625 0.10142857142857142
6 0.1075 0.5485714285714286 0.01 0.014285714285714285
6 0.133125 0.5578571428571428 0.01625 0.012857142857142857
6 0.29375 0.6342857142857142 0.155 0.17714285714285713
2 0.131875 0.6214285714285714 0.11375 0.10857142857142857
2 0.040625 0.7085714285714285 0.07625 0.21714285714285714
0 0.105 0.635 0.025 0.032857142857142856
1 0.03875 0.12857142857142856 0.07 0.11714285714285715
7 0.85125 0.8585714285714285 0.29 0.27714285714285714
4 0.6275 0.6257142857142857 0.5025 0.52
