0 0.21375 0.4328571428571429 0.03 0.025714285714285714
0 0.224375 0.4807142857142857 0.01875 0.024285714285714285
0 0.228125 0.36642857142857144 0.01875 0.024285714285714285
0 0.136875 0.7764285714285715 0.00875 0.01
0 0.158125 0.7814285714285715 0.01125 0.011428571428571429
0 0.12625 0.7942857142857143 0.01 0.02
0 0.199375 0.2914285714285714 0.02375 0.014285714285714285
2 0.086875 0.9221428571428572 0.02625 0.04428571428571428
6 0.12875 0.595 0.2525 0.51
2 0.18125 0.7714285714285715 0.0125 0.025714285714285714
2 0.201875 0.38 0.02375 0.03142857142857143
2 0.173125 0.27714285714285714 0.02125 0.05142857142857143
2 0.211875 0.27785714285714286 0.02875 0.03571428571428571
2 0.035625 0.855 0.01125 0.018571428571428572
2 0.053125 0.8614285714285714 0.00875 0.017142857142857144
2 0.708125 0.49642857142857144 0.57375 0.9757142857142858
