2 0.75625 0.14642857142857144 0.2175 0.28714285714285714
2 0.108125 0.825 0.08375 0.07571428571428572
2 0.22625 0.7728571428571429 0.05 0.05714285714285714
2 0.27 0.8271428571428572 0.0125 0.04
2 0.293125 0.825 0.01625 0.047142857142857146
2 0.181875 0.8635714285714285 0.02375 0.05857142857142857
2 0.165625 0.5271428571428571 0.32625 0.4342857142857143
2 0.231875 0.34714285714285714 0.05125 0.06285714285714286
2 0.273125 0.33 0.04375 0.04
6 0.16125 0.7371428571428571 0.3175 0.26
0 0.681875 0.07142857142857142 0.05625 0.06285714285714286
4 0.370625 0.5378571428571428 0.15125 0.16428571428571428
