1 0.0375 0.14357142857142857 0.07 0.13285714285714287
2 0.898125 0.785 0.02125 0.03
2 0.8525 0.8014285714285714 0.0325 0.054285714285714284
6 0.170625 0.7007142857142857 0.33625 0.37
2 0.03875 0.51 0.0075 0.011428571428571429
2 0.061875 0.5235714285714286 0.01125 0.01
2 0.08 0.535 0.0125 0.007142857142857143
2 0.353125 0.6035714285714285 0.04625 0.08428571428571428
2 0.218125 0.6721428571428572 0.24625 0.27
2 0.071875 0.7057142857142857 0.02625 0.025714285714285714
2 0.0425 0.6742857142857143 0.08 0.14285714285714285
7 0.825625 0.8385714285714285 0.30625 0.30857142857142855
4 0.48375 0.6564285714285715 0.2625 0.30142857142857143
