2 0.186875 0.38142857142857145 0.17875 0.18857142857142858
0 0.1975 0.4442857142857143 0.03 0.04
0 0.215 0.4828571428571429 0.0375 0.07142857142857142
2 0.158125 0.8542857142857143 0.02875 0.022857142857142857
2 0.07125 0.9178571428571428 0.02 0.024285714285714285
0 0.13125 0.8592857142857143 0.0275 0.018571428571428572
2 0.28125 0.795 0.1475 0.11857142857142858
6 0.151875 0.5864285714285714 0.29875 0.5471428571428572
6 0.184375 0.5357142857142857 0.05875 0.1457142857142857
2 0.41 0.48714285714285716 0.1125 0.2
0 0.661875 0.15428571428571428 0.05375 0.13142857142857142
2 0.74 0.9685714285714285 0.065 0.04285714285714286
4 0.320625 0.5607142857142857 0.11875 0.1442857142857143
2 0.843125 0.16857142857142857 0.15625 0.24857142857142858
