1 0.11 0.17357142857142857 0.2125 0.33285714285714285
7 0.78625 0.8214285714285714 0.38 0.3485714285714286
2 0.80625 0.7685714285714286 0.1125 0.09142857142857143
2 0.284375 0.67 0.47375 0.5314285714285715
0 0.84625 0.7521428571428571 0.005 0.007142857142857143
0 0.841875 0.7635714285714286 0.00625 0.007142857142857143
0 0.810625 0.7357142857142858 0.01125 0.017142857142857144
0 0.809375 0.7714285714285715 0.00625 0.02
0 0.76125 0.7821428571428571 0.01 0.01
0 0.798125 0.7707142857142857 0.00875 0.004285714285714286
0 0.784375 0.7828571428571428 0.00625 0.002857142857142857
0 0.779375 0.79 0.00375 0.002857142857142857
4 0.474375 0.6728571428571428 0.30375 0.34
