7 0.78125 0.8242857142857143 0.375 0.34
2 0.369375 0.6207142857142857 0.57875 0.65
2 0.7975 0.7692857142857142 0.115 0.09
0 0.7625 0.7792857142857142 0.015 0.015714285714285715
0 0.808125 0.7721428571428571 0.00875 0.018571428571428572
0 0.80875 0.7328571428571429 0.0075 0.011428571428571429
0 0.783125 0.7878571428571428 0.00875 0.012857142857142857
0 0.840625 0.7642857142857142 0.00625 0.008571428571428572
0 0.84625 0.7528571428571429 0.0075 0.008571428571428572
1 0.124375 0.1992857142857143 0.24125 0.3842857142857143
4 0.49875 0.6671428571428571 0.3825 0.3628571428571429
