2 0.144375 0.7764285714285715 0.02875 0.012857142857142857
0 0.009375 0.6228571428571429 0.01375 0.025714285714285714
6 0.1575 0.6935714285714286 0.3075 0.3242857142857143
2 0.791875 0.2 0.07375 0.13142857142857142
2 0.019375 0.5492857142857143 0.02625 0.047142857142857146
0 0.175 0.5771428571428572 0.0325 0.022857142857142857
0 0.22 0.6278571428571429 0.0425 0.02142857142857143
4 0.36875 0.485 0.1625 0.1957142857142857
2 0.900625 0.11428571428571428 0.09625 0.08857142857142856
2 0.738125 0.062142857142857146 0.09875 0.09571428571428571
