4 0.3814814814814815 0.3712962962962963 0.07851851851851852 0.12407407407407407
5 0.7955555555555556 0.15555555555555556 0.02074074074074074 0.03333333333333333
5 0.8118518518518518 0.1935185185185185 0.02074074074074074 0.020370370370370372
5 0.3511111111111111 0.08148148148148149 0.02074074074074074 0.025925925925925925
5 0.31703703703703706 0.40370370370370373 0.014814814814814815 0.018518518518518517
0 0.34 0.23055555555555557 0.016296296296296295 0.03148148148148148
0 0.3348148148148148 0.10555555555555556 0.011851851851851851 0.022222222222222223
0 0.31037037037037035 0.11203703703703703 0.016296296296296295 0.024074074074074074
0 0.29703703703703704 0.026851851851851852 0.01037037037037037 0.016666666666666666
0 0.3111111111111111 0.04537037037037037 0.03259259259259259 0.03888888888888889
0 0.5059259259259259 0.5046296296296297 0.016296296296296295 0.020370370370370372
