1 0.14074074074074075 0.5462962962962963 0.2785185185185185 0.9037037037037037
2 0.9859259259259259 0.9657407407407408 0.022222222222222223 0.024074074074074074
0 0.9014814814814814 0.11481481481481481 0.045925925925925926 0.07037037037037037
0 0.7762962962962963 0.06851851851851852 0.014814814814814815 0.03333333333333333
0 0.5703703703703704 0.013888888888888888 0.02074074074074074 0.027777777777777776
0 0.5651851851851852 0.21203703703703702 0.016296296296296295 0.04259259259259259
0 0.66 0.24351851851851852 0.025185185185185185 0.04259259259259259
0 0.7074074074074074 0.44074074074074077 0.013333333333333334 0.04814814814814815
0 0.34074074074074073 0.025 0.017777777777777778 0.03518518518518519
0 0.21555555555555556 0.021296296296296296 0.034074074074074076 0.04259259259259259
0 0.22074074074074074 0.13703703703703704 0.05037037037037037 0.09259259259259259
0 0.26666666666666666 0.1962962962962963 0.005925925925925926 0.040740740740740744
0 0.2859259259259259 0.20925925925925926 0.014814814814814815 0.04814814814814815
0 0.33185185185185184 0.28425925925925927 0.023703703703703703 0.06851851851851852
0 0.1325925925925926 0.5314814814814814 0.013333333333333334 0.09259259259259259
4 0.9651851851851851 0.49537037037037035 0.06074074074074074 0.8018518518518518
3 0.49925925925925924 0.4981481481481482 0.9955555555555555 0.9962962962962963
