1 0.12962962962962962 0.5453703703703704 0.2562962962962963 0.8685185185185185
2 0.9851851851851852 0.9657407407407408 0.02074074074074074 0.024074074074074074
5 0.2348148148148148 0.019444444444444445 0.0637037037037037 0.03888888888888889
5 0.2866666666666667 0.05185185185185185 0.05185185185185185 0.05185185185185185
5 0.32 0.11944444444444445 0.07703703703703704 0.11666666666666667
5 0.4192592592592593 0.8379629629629629 0.05037037037037037 0.06111111111111111
5 0.26666666666666666 0.8342592592592593 0.02666666666666667 0.053703703703703705
5 0.3125925925925926 0.8981481481481481 0.05333333333333334 0.06666666666666667
5 0.6496296296296297 0.8481481481481481 0.03111111111111111 0.037037037037037035
5 0.46296296296296297 0.24814814814814815 0.034074074074074076 0.040740740740740744
5 0.24 0.7018518518518518 0.02962962962962963 0.05555555555555555
0 0.8933333333333333 0.05092592592592592 0.03851851851851852 0.05740740740740741
0 0.9214814814814815 0.10277777777777777 0.011851851851851851 0.016666666666666666
0 0.5496296296296296 0.023148148148148147 0.014814814814814815 0.020370370370370372
0 0.56 0.07962962962962963 0.011851851851851851 0.014814814814814815
0 0.654074074074074 0.11666666666666667 0.025185185185185185 0.03333333333333333
0 0.6733333333333333 0.22592592592592592 0.016296296296296295 0.018518518518518517
0 0.697037037037037 0.21296296296296297 0.013333333333333334 0.018518518518518517
0 0.6940740740740741 0.32222222222222224 0.016296296296296295 0.025925925925925925
0 0.8140740740740741 0.662962962962963 0.01037037037037037 0.014814814814814815
0 0.45925925925925926 0.24444444444444444 0.017777777777777778 0.014814814814814815
0 0.3711111111111111 0.08888888888888889 0.01037037037037037 0.018518518518518517
0 0.32296296296296295 0.1037037037037037 0.008888888888888889 0.014814814814814815
0 0.337037037037037 0.0962962962962963 0.013333333333333334 0.018518518518518517
0 0.32592592592592595 0.13055555555555556 0.02074074074074074 0.024074074074074074
0 0.3459259259259259 0.15648148148148147 0.016296296296296295 0.012962962962962963
0 0.2948148148148148 0.1111111111111111 0.008888888888888889 0.011111111111111112
0 0.22666666666666666 0.010185185185185186 0.02666666666666667 0.016666666666666666
0 0.19185185185185186 0.04722222222222222 0.022222222222222223 0.024074074074074074
0 0.2896296296296296 0.04722222222222222 0.01037037037037037 0.012962962962962963
0 0.1111111111111111 0.24351851851851852 0.02074074074074074 0.03148148148148148
0 0.23925925925925925 0.7055555555555556 0.022222222222222223 0.044444444444444446
0 0.29703703703703704 0.7648148148148148 0.016296296296296295 0.018518518518518517
0 0.6518518518518519 0.8435185185185186 0.014814814814814815 0.016666666666666666
0 0.10888888888888888 0.8666666666666667 0.013333333333333334 0.022222222222222223
0 0.11925925925925926 0.9055555555555556 0.01037037037037037 0.018518518518518517
0 0.1385185185185185 0.9305555555555556 0.013333333333333334 0.016666666666666666
0 0.18074074074074073 0.9842592592592593 0.023703703703703703 0.024074074074074074
0 0.14222222222222222 0.975925925925926 0.02666666666666667 0.037037037037037035
0 0.12518518518518518 0.47314814814814815 0.03111111111111111 0.04259259259259259
4 0.9703703703703703 0.5064814814814815 0.05333333333333334 0.7611111111111111
