4 0.3088888888888889 0.3277777777777778 0.11407407407407408 0.1814814814814815
0 0.5311111111111111 0.43148148148148147 0.025185185185185185 0.022222222222222223
0 0.58 0.4546296296296296 0.022222222222222223 0.027777777777777776
0 0.5377777777777778 0.4601851851851852 0.023703703703703703 0.024074074074074074
0 0.5414814814814815 0.48703703703703705 0.07851851851851852 0.037037037037037035
0 0.5222222222222223 0.5712962962962963 0.08148148148148149 0.13148148148148148
0 0.5748148148148148 0.5324074074074074 0.017777777777777778 0.027777777777777776
0 0.18518518518518517 0.31574074074074077 0.014814814814814815 0.03888888888888889
0 0.3896296296296296 0.29814814814814816 0.014814814814814815 0.014814814814814815
0 0.39037037037037037 0.3277777777777778 0.01925925925925926 0.018518518518518517
0 0.2837037037037037 0.06944444444444445 0.01925925925925926 0.020370370370370372
0 0.2088888888888889 0.16666666666666666 0.03259259259259259 0.02962962962962963
0 0.1985185185185185 0.2101851851851852 0.02074074074074074 0.046296296296296294
5 0.2992592592592593 0.8962962962962963 0.023703703703703703 0.018518518518518517
5 0.23037037037037036 0.18055555555555555 0.022222222222222223 0.024074074074074074
0 0.22814814814814816 0.31296296296296294 0.017777777777777778 0.018518518518518517
0 0.19333333333333333 0.11388888888888889 0.01925925925925926 0.016666666666666666
