4 0.3548148148148148 0.3990740740740741 0.07555555555555556 0.11666666666666667
5 0.7696296296296297 0.17037037037037037 0.022222222222222223 0.025925925925925925
5 0.7866666666666666 0.21481481481481482 0.02666666666666667 0.02962962962962963
5 0.8444444444444444 0.011111111111111112 0.02666666666666667 0.022222222222222223
5 0.6681481481481482 0.03425925925925926 0.03259259259259259 0.046296296296296294
0 0.2725925925925926 0.044444444444444446 0.014814814814814815 0.014814814814814815
0 0.28444444444444444 0.07314814814814814 0.035555555555555556 0.03888888888888889
0 0.3074074074074074 0.12407407407407407 0.013333333333333334 0.02962962962962963
0 0.2851851851851852 0.13796296296296295 0.03111111111111111 0.027777777777777776
0 0.31333333333333335 0.2574074074074074 0.013333333333333334 0.025925925925925925
0 0.2874074074074074 0.4046296296296296 0.02962962962962963 0.027777777777777776
1 0.8785185185185185 0.7462962962962963 0.21333333333333335 0.2851851851851852
1 0.7785185185185185 0.9027777777777778 0.3125925925925926 0.18703703703703703
