1 0.10962962962962963 0.5574074074074075 0.2162962962962963 0.7814814814814814
2 0.9859259259259259 0.9657407407407408 0.022222222222222223 0.024074074074074074
5 0.6377777777777778 0.8388888888888889 0.045925925925925926 0.040740740740740744
5 0.39925925925925926 0.8268518518518518 0.05185185185185185 0.053703703703703705
5 0.2348148148148148 0.8092592592592592 0.03111111111111111 0.04814814814814815
5 0.20592592592592593 0.662962962962963 0.023703703703703703 0.05925925925925926
5 0.44814814814814813 0.2324074074074074 0.025185185185185185 0.03148148148148148
5 0.2311111111111111 0.014814814814814815 0.05333333333333334 0.02962962962962963
5 0.2748148148148148 0.03888888888888889 0.05185185185185185 0.05185185185185185
5 0.2733333333333333 0.10462962962962963 0.028148148148148148 0.03888888888888889
5 0.31555555555555553 0.10462962962962963 0.07407407407407407 0.11666666666666667
5 0.1288888888888889 0.8861111111111111 0.18074074074074073 0.22037037037037038
0 0.27185185185185184 0.7361111111111112 0.04296296296296296 0.04259259259259259
0 0.8822222222222222 0.03796296296296296 0.028148148148148148 0.046296296296296294
0 0.9185185185185185 0.09814814814814815 0.008888888888888889 0.014814814814814815
0 0.6444444444444445 0.1037037037037037 0.023703703703703703 0.03333333333333333
0 0.6888888888888889 0.2037037037037037 0.014814814814814815 0.014814814814814815
0 0.6637037037037037 0.21481481481481482 0.008888888888888889 0.011111111111111112
0 0.6837037037037037 0.30833333333333335 0.01925925925925926 0.027777777777777776
0 0.54 0.011111111111111112 0.016296296296296295 0.014814814814814815
0 0.5518518518518518 0.06666666666666667 0.01037037037037037 0.014814814814814815
0 0.3585185185185185 0.07685185185185185 0.011851851851851851 0.024074074074074074
0 0.31703703703703706 0.10185185185185185 0.02666666666666667 0.044444444444444446
0 0.3333333333333333 0.14444444444444443 0.014814814814814815 0.014814814814814815
0 0.2562962962962963 0.024074074074074074 0.008888888888888889 0.014814814814814815
0 0.277037037037037 0.03425925925925926 0.011851851851851851 0.016666666666666666
0 0.09333333333333334 0.21296296296296297 0.014814814814814815 0.022222222222222223
0 0.21259259259259258 0.6611111111111111 0.01037037037037037 0.022222222222222223
0 0.2 0.6592592592592592 0.008888888888888889 0.022222222222222223
0 0.0837037037037037 0.8546296296296296 0.028148148148148148 0.053703703703703705
0 0.12148148148148148 0.9138888888888889 0.014814814814814815 0.020370370370370372
0 0.14148148148148149 0.9472222222222222 0.022222222222222223 0.03518518518518519
0 0.38222222222222224 0.8157407407407408 0.008888888888888889 0.012962962962962963
0 0.41185185185185186 0.8462962962962963 0.008888888888888889 0.014814814814814815
0 0.6407407407407407 0.8351851851851851 0.01037037037037037 0.014814814814814815
0 0.6274074074074074 0.8435185185185186 0.007407407407407408 0.012962962962962963
4 0.9592592592592593 0.5166666666666667 0.0725925925925926 0.825925925925926
