1 0.13037037037037036 0.5444444444444444 0.2548148148148148 0.8518518518518519
2 0.9859259259259259 0.9657407407407408 0.022222222222222223 0.024074074074074074
0 0.8925925925925926 0.04814814814814815 0.04 0.05185185185185185
0 0.9214814814814815 0.10462962962962963 0.011851851851851851 0.012962962962962963
0 0.6948148148148148 0.3212962962962963 0.011851851851851851 0.020370370370370372
0 0.6533333333333333 0.11851851851851852 0.02666666666666667 0.02962962962962963
0 0.5496296296296296 0.025 0.014814814814814815 0.016666666666666666
0 0.5592592592592592 0.07962962962962963 0.013333333333333334 0.014814814814814815
0 0.6733333333333333 0.22685185185185186 0.01037037037037037 0.016666666666666666
0 0.6977777777777778 0.21481481481481482 0.014814814814814815 0.014814814814814815
0 0.3296296296296296 0.11666666666666667 0.028148148148148148 0.05555555555555555
0 0.3725925925925926 0.09166666666666666 0.01037037037037037 0.020370370370370372
0 0.34814814814814815 0.16111111111111112 0.014814814814814815 0.011111111111111112
0 0.11037037037037037 0.24259259259259258 0.013333333333333334 0.022222222222222223
0 0.22666666666666666 0.009259259259259259 0.023703703703703703 0.014814814814814815
0 0.18962962962962962 0.04814814814814815 0.017777777777777778 0.022222222222222223
0 0.2911111111111111 0.049074074074074076 0.01037037037037037 0.012962962962962963
0 0.6503703703703704 0.8435185185185186 0.017777777777777778 0.020370370370370372
0 0.2985185185185185 0.7620370370370371 0.013333333333333334 0.016666666666666666
0 0.12296296296296297 0.4740740740740741 0.02666666666666667 0.037037037037037035
5 0.41703703703703704 0.8425925925925926 0.045925925925925926 0.05185185185185185
5 0.2659259259259259 0.8351851851851851 0.028148148148148148 0.04814814814814815
5 0.31407407407407406 0.8981481481481481 0.02962962962962963 0.037037037037037035
5 0.6474074074074074 0.8472222222222222 0.035555555555555556 0.03518518518518519
5 0.46074074074074073 0.2462962962962963 0.023703703703703703 0.025925925925925925
5 0.23851851851851852 0.018518518518518517 0.05925925925925926 0.037037037037037035
5 0.2859259259259259 0.05092592592592592 0.05037037037037037 0.05
5 0.31777777777777777 0.11388888888888889 0.08444444444444445 0.10925925925925926
5 0.24074074074074073 0.700925925925926 0.03111111111111111 0.05740740740740741
0 0.10814814814814815 0.8648148148148148 0.011851851851851851 0.018518518518518517
0 0.12074074074074075 0.9046296296296297 0.013333333333333334 0.020370370370370372
0 0.1385185185185185 0.9287037037037037 0.013333333333333334 0.020370370370370372
0 0.1474074074074074 0.9657407407407408 0.04 0.016666666666666666
0 0.1814814814814815 0.9842592592592593 0.028148148148148148 0.027777777777777776
0 0.24 0.6972222222222222 0.02074074074074074 0.027777777777777776
4 0.965925925925926 0.5064814814814815 0.056296296296296296 0.7722222222222223
