4 0.6651851851851852 0.5055555555555555 0.11851851851851852 0.15555555555555556
1 0.1237037037037037 0.5462962962962963 0.2474074074074074 0.8962962962962963
5 0.2548148148148148 0.45185185185185184 0.017777777777777778 0.022222222222222223
5 0.27111111111111114 0.05092592592592592 0.06814814814814815 0.10185185185185185
5 0.30962962962962964 0.16666666666666666 0.02666666666666667 0.025925925925925925
5 0.2962962962962963 0.24444444444444444 0.017777777777777778 0.022222222222222223
5 0.4066666666666667 0.04259259259259259 0.013333333333333334 0.018518518518518517
5 0.7570370370370371 0.05185185185185185 0.02074074074074074 0.02962962962962963
5 0.7118518518518518 0.013888888888888888 0.028148148148148148 0.024074074074074074
0 0.7185185185185186 0.26666666666666666 0.07111111111111111 0.040740740740740744
0 0.7140740740740741 0.11666666666666667 0.06222222222222222 0.022222222222222223
0 0.9111111111111111 0.1814814814814815 0.02666666666666667 0.08518518518518518
0 0.7688888888888888 0.3888888888888889 0.05333333333333334 0.04814814814814815
0 0.6711111111111111 0.37222222222222223 0.035555555555555556 0.044444444444444446
0 0.8629629629629629 0.5222222222222223 0.037037037037037035 0.037037037037037035
0 0.8148148148148148 0.5212962962962963 0.02962962962962963 0.03518518518518519
0 0.8362962962962963 0.5361111111111111 0.01037037037037037 0.024074074074074074
0 0.7496296296296296 0.5138888888888888 0.014814814814814815 0.020370370370370372
0 0.7481481481481481 0.5370370370370371 0.011851851851851851 0.022222222222222223
0 0.7637037037037037 0.5120370370370371 0.013333333333333334 0.016666666666666666
0 0.7659259259259259 0.6685185185185185 0.014814814814814815 0.02962962962962963
0 0.7688888888888888 0.6925925925925925 0.011851851851851851 0.014814814814814815
0 0.8074074074074075 0.6129629629629629 0.06814814814814815 0.1
0 0.7688888888888888 0.6148148148148148 0.011851851851851851 0.014814814814814815
0 0.66 0.7055555555555556 0.06074074074074074 0.1
0 0.7118518518518518 0.7277777777777777 0.03111111111111111 0.05185185185185185
0 0.7125925925925926 0.6759259259259259 0.017777777777777778 0.022222222222222223
0 0.6777777777777778 0.7824074074074074 0.057777777777777775 0.05740740740740741
0 0.8585185185185186 0.6981481481481482 0.04 0.09259259259259259
0 0.8192592592592592 0.7805555555555556 0.047407407407407405 0.05
0 0.7666666666666667 0.812037037037037 0.0637037037037037 0.03888888888888889
0 0.6570370370370371 0.12685185185185185 0.01037037037037037 0.020370370370370372
0 0.6703703703703704 0.125 0.01037037037037037 0.020370370370370372
5 0.662962962962963 0.9259259259259259 0.01925925925925926 0.025925925925925925
5 0.6637037037037037 0.9712962962962963 0.02074074074074074 0.024074074074074074
5 0.6525925925925926 0.9796296296296296 0.022222222222222223 0.018518518518518517
5 0.8155555555555556 0.5953703703703703 0.01925925925925926 0.024074074074074074
5 0.8718518518518519 0.5296296296296297 0.022222222222222223 0.025925925925925925
5 0.917037037037037 0.17592592592592593 0.02666666666666667 0.06296296296296296
