4 0.6111111111111112 0.5583333333333333 0.0962962962962963 0.1425925925925926
1 0.1111111111111111 0.5981481481481481 0.2222222222222222 0.7814814814814814
5 0.20592592592592593 0.16296296296296298 0.10666666666666667 0.24444444444444444
5 0.26666666666666666 0.3314814814814815 0.02074074074074074 0.025925925925925925
5 0.2644444444444444 0.40370370370370373 0.016296296296296295 0.022222222222222223
5 0.2562962962962963 0.5703703703703704 0.02074074074074074 0.025925925925925925
5 0.3474074074074074 0.1824074074074074 0.022222222222222223 0.027777777777777776
5 0.04962962962962963 0.3314814814814815 0.03111111111111111 0.05925925925925926
5 0.061481481481481484 0.28703703703703703 0.022222222222222223 0.018518518518518517
5 0.5303703703703704 0.637962962962963 0.02666666666666667 0.03888888888888889
5 0.5777777777777777 0.9314814814814815 0.1274074074074074 0.09259259259259259
5 0.6844444444444444 0.562962962962963 0.035555555555555556 0.02962962962962963
5 0.6785185185185185 0.5861111111111111 0.02074074074074074 0.020370370370370372
0 0.8422222222222222 0.08518518518518518 0.013333333333333334 0.018518518518518517
0 0.8333333333333334 0.15 0.013333333333333334 0.014814814814814815
0 0.9081481481481481 0.13703703703703704 0.011851851851851851 0.011111111111111112
0 0.822962962962963 0.25462962962962965 0.01037037037037037 0.016666666666666666
0 0.6014814814814815 0.10277777777777777 0.02074074074074074 0.012962962962962963
0 0.6162962962962963 0.1175925925925926 0.02666666666666667 0.020370370370370372
0 0.5874074074074074 0.12962962962962962 0.016296296296296295 0.018518518518518517
0 0.5881481481481482 0.19074074074074074 0.017777777777777778 0.018518518518518517
0 0.6666666666666666 0.044444444444444446 0.014814814814814815 0.014814814814814815
0 0.6259259259259259 0.017592592592592594 0.06666666666666667 0.03518518518518519
0 0.6074074074074074 0.3527777777777778 0.014814814814814815 0.016666666666666666
0 0.585925925925926 0.44722222222222224 0.054814814814814816 0.04259259259259259
0 0.5533333333333333 0.4703703703703704 0.016296296296296295 0.014814814814814815
0 0.7614814814814815 0.55 0.017777777777777778 0.018518518518518517
0 0.7274074074074074 0.6435185185185185 0.04148148148148148 0.05
0 0.7681481481481481 0.6342592592592593 0.022222222222222223 0.04259259259259259
0 0.7318518518518519 0.700925925925926 0.06518518518518518 0.07222222222222222
0 0.6237037037037036 0.7129629629629629 0.02666666666666667 0.025925925925925925
0 0.6081481481481481 0.7564814814814815 0.04 0.08333333333333333
0 0.6585185185185185 0.8083333333333333 0.07555555555555556 0.07222222222222222
0 0.7207407407407408 0.8111111111111111 0.025185185185185185 0.022222222222222223
0 0.7548148148148148 0.7833333333333333 0.045925925925925926 0.05185185185185185
0 0.7792592592592592 0.7425925925925926 0.014814814814814815 0.022222222222222223
0 0.6274074074074074 0.9398148148148148 0.013333333333333334 0.020370370370370372
0 0.5251851851851852 0.9083333333333333 0.013333333333333334 0.012962962962962963
0 0.5637037037037037 0.9444444444444444 0.01925925925925926 0.018518518518518517
0 0.5814814814814815 0.8768518518518519 0.016296296296296295 0.016666666666666666
0 0.5244444444444445 0.9629629629629629 0.011851851851851851 0.014814814814814815
0 0.19037037037037038 0.16666666666666666 0.013333333333333334 0.018518518518518517
0 0.5844444444444444 0.21203703703703702 0.01037037037037037 0.016666666666666666
0 0.5622222222222222 0.2101851851851852 0.013333333333333334 0.020370370370370372
0 0.7125925925925926 0.42777777777777776 0.011851851851851851 0.014814814814814815
0 0.5318518518518518 0.5898148148148148 0.011851851851851851 0.016666666666666666
