6 0.20666666666666667 0.7805555555555556 0.4103703703703704 0.43148148148148147
1 0.14888888888888888 0.8018518518518518 0.28 0.3888888888888889
2 0.9866666666666667 0.9675925925925926 0.02074074074074074 0.024074074074074074
0 0.68 0.11296296296296296 0.023703703703703703 0.02962962962962963
0 0.2748148148148148 0.012962962962962963 0.025185185185185185 0.022222222222222223
0 0.3637037037037037 0.03148148148148148 0.022222222222222223 0.03333333333333333
0 0.36148148148148146 0.06296296296296296 0.023703703703703703 0.022222222222222223
0 0.4474074074074074 0.17592592592592593 0.04148148148148148 0.02962962962962963
0 0.3718518518518519 0.14444444444444443 0.035555555555555556 0.02962962962962963
0 0.31777777777777777 0.1175925925925926 0.05185185185185185 0.06111111111111111
0 0.30444444444444446 0.06481481481481481 0.025185185185185185 0.025925925925925925
0 0.2748148148148148 0.044444444444444446 0.022222222222222223 0.018518518518518517
0 0.2051851851851852 0.4212962962962963 0.037037037037037035 0.053703703703703705
0 0.1925925925925926 0.5296296296296297 0.02666666666666667 0.040740740740740744
0 0.25333333333333335 0.5398148148148149 0.02962962962962963 0.07222222222222222
0 0.31777777777777777 0.5074074074074074 0.03111111111111111 0.02962962962962963
0 0.25037037037037035 0.5981481481481481 0.02074074074074074 0.02962962962962963
0 0.21333333333333335 0.6138888888888889 0.02074074074074074 0.020370370370370372
0 0.042222222222222223 0.4981481481481482 0.03111111111111111 0.025925925925925925
0 0.040740740740740744 0.22314814814814815 0.04296296296296296 0.04259259259259259
0 0.023703703703703703 0.6861111111111111 0.02666666666666667 0.020370370370370372
0 0.09037037037037036 0.6453703703703704 0.04148148148148148 0.03518518518518519
0 0.07111111111111111 0.5435185185185185 0.03259259259259259 0.027777777777777776
0 0.023703703703703703 0.549074074074074 0.035555555555555556 0.020370370370370372
0 0.016296296296296295 0.5648148148148148 0.03259259259259259 0.044444444444444446
0 0.006666666666666667 0.5138888888888888 0.013333333333333334 0.016666666666666666
0 0.362962962962963 0.8055555555555556 0.014814814814814815 0.02962962962962963
0 0.8496296296296296 0.4083333333333333 0.013333333333333334 0.016666666666666666
4 0.94 0.4824074074074074 0.1111111111111111 0.8870370370370371
4 0.845925925925926 0.9092592592592592 0.2992592592592593 0.17407407407407408
3 0.22148148148148147 0.3453703703703704 0.43703703703703706 0.6833333333333333
