6 0.20444444444444446 0.7620370370370371 0.40296296296296297 0.4722222222222222
0 0.6748148148148149 0.09722222222222222 0.028148148148148148 0.03888888888888889
0 0.29703703703703704 0.040740740740740744 0.1437037037037037 0.05555555555555555
0 0.32 0.10277777777777777 0.12444444444444444 0.06481481481481481
0 0.42814814814814817 0.1685185185185185 0.02666666666666667 0.025925925925925925
0 0.022222222222222223 0.20277777777777778 0.04148148148148148 0.053703703703703705
0 0.1711111111111111 0.4305555555555556 0.0874074074074074 0.09444444444444444
0 0.024444444444444446 0.4537037037037037 0.03111111111111111 0.02962962962962963
0 0.02148148148148148 0.5101851851851852 0.04 0.06851851851851852
0 0.23777777777777778 0.5407407407407407 0.15555555555555556 0.1111111111111111
0 0.11925925925925926 0.5712962962962963 0.025185185185185185 0.024074074074074074
0 0.11851851851851852 0.5962962962962963 0.014814814814814815 0.011111111111111112
1 0.1437037037037037 0.8037037037037037 0.2696296296296296 0.3814814814814815
2 0.9859259259259259 0.9657407407407408 0.01925925925925926 0.020370370370370372
4 0.9518518518518518 0.5370370370370371 0.09333333333333334 0.9111111111111111
4 0.8703703703703703 0.9592592592592593 0.25037037037037035 0.06666666666666667
3 0.32814814814814813 0.4981481481481482 0.6562962962962963 0.9925925925925926
