4 0.2162962962962963 0.3472222222222222 0.10074074074074074 0.19074074074074074
5 0.277037037037037 0.31203703703703706 0.02074074074074074 0.020370370370370372
5 0.2748148148148148 0.3453703703703704 0.016296296296296295 0.020370370370370372
5 0.14962962962962964 0.3398148148148148 0.023703703703703703 0.027777777777777776
0 0.4437037037037037 0.47962962962962963 0.03111111111111111 0.037037037037037035
0 0.40370370370370373 0.5583333333333333 0.025185185185185185 0.053703703703703705
0 0.42074074074074075 0.5898148148148148 0.014814814814814815 0.03518518518518519
0 0.10148148148148148 0.35833333333333334 0.016296296296296295 0.027777777777777776
0 0.10222222222222223 0.33240740740740743 0.011851851851851851 0.016666666666666666
0 0.1925925925925926 0.09166666666666666 0.017777777777777778 0.016666666666666666
0 0.20814814814814814 0.012962962962962963 0.03111111111111111 0.022222222222222223
0 0.16666666666666666 0.021296296296296296 0.04296296296296296 0.03518518518518519
0 0.10888888888888888 0.13796296296296295 0.034074074074074076 0.03888888888888889
0 0.1274074074074074 0.18055555555555555 0.011851851851851851 0.012962962962962963
0 0.12 0.19814814814814816 0.014814814814814815 0.022222222222222223
0 0.11407407407407408 0.24074074074074073 0.02074074074074074 0.044444444444444446
5 0.15037037037037038 0.43796296296296294 0.016296296296296295 0.03148148148148148
