4 0.25333333333333335 0.33611111111111114 0.10666666666666667 0.17962962962962964
5 0.32296296296296295 0.29814814814814816 0.02962962962962963 0.022222222222222223
5 0.3214814814814815 0.33240740740740743 0.02962962962962963 0.020370370370370372
0 0.23333333333333334 0.07685185185185185 0.016296296296296295 0.016666666666666666
0 0.14592592592592593 0.12962962962962962 0.016296296296296295 0.02962962962962963
0 0.16518518518518518 0.1685185185185185 0.01925925925925926 0.014814814814814815
0 0.1562962962962963 0.1814814814814815 0.013333333333333334 0.014814814814814815
0 0.15185185185185185 0.21944444444444444 0.013333333333333334 0.05
0 0.13925925925925925 0.3138888888888889 0.008888888888888889 0.009259259259259259
0 0.1362962962962963 0.3398148148148148 0.017777777777777778 0.020370370370370372
0 0.16592592592592592 0.375 0.008888888888888889 0.012962962962962963
0 0.49703703703703705 0.4648148148148148 0.04888888888888889 0.04814814814814815
0 0.4577777777777778 0.5611111111111111 0.06222222222222222 0.1037037037037037
