4 0.6481481481481481 0.5416666666666666 0.10518518518518519 0.1537037037037037
1 0.09037037037037036 0.5657407407407408 0.18074074074074073 0.8648148148148148
5 0.03925925925925926 0.22777777777777777 0.034074074074074076 0.05925925925925926
5 0.06222222222222222 0.17962962962962964 0.02074074074074074 0.025925925925925925
5 0.28074074074074074 0.5407407407407407 0.013333333333333334 0.022222222222222223
5 0.7162962962962963 0.3212962962962963 0.01925925925925926 0.024074074074074074
5 0.7318518518518519 0.10277777777777777 0.02962962962962963 0.027777777777777776
5 0.8933333333333333 0.13333333333333333 0.02666666666666667 0.025925925925925925
5 0.4177777777777778 0.07407407407407407 0.02962962962962963 0.03333333333333333
5 0.39037037037037037 0.13148148148148148 0.01925925925925926 0.05185185185185185
5 0.22962962962962963 0.06759259259259259 0.08592592592592592 0.12037037037037036
5 0.26296296296296295 0.17222222222222222 0.054814814814814816 0.09259259259259259
5 0.3459259259259259 0.17777777777777778 0.022222222222222223 0.025925925925925925
5 0.30518518518518517 0.2638888888888889 0.02074074074074074 0.03148148148148148
5 0.2992592592592593 0.3416666666666667 0.017777777777777778 0.024074074074074074
5 0.8674074074074074 0.10925925925925926 0.016296296296296295 0.025925925925925925
5 0.9037037037037037 0.08425925925925926 0.014814814814814815 0.024074074074074074
0 0.6392592592592593 0.4101851851851852 0.01037037037037037 0.020370370370370372
0 0.6548148148148148 0.41388888888888886 0.02666666666666667 0.05
0 0.6125925925925926 0.43703703703703706 0.013333333333333334 0.011111111111111112
0 0.7518518518518519 0.4222222222222222 0.054814814814814816 0.05555555555555555
0 0.7681481481481481 0.6620370370370371 0.06962962962962962 0.12037037037037036
0 0.8148148148148148 0.6166666666666667 0.011851851851851851 0.025925925925925925
0 0.8407407407407408 0.6916666666666667 0.01925925925925926 0.03888888888888889
0 0.6496296296296297 0.7361111111111112 0.06074074074074074 0.12777777777777777
0 0.6844444444444444 0.8074074074074075 0.06222222222222222 0.040740740740740744
0 0.7414814814814815 0.812037037037037 0.09333333333333334 0.06111111111111111
0 0.82 0.7620370370370371 0.04888888888888889 0.07962962962962963
0 0.662962962962963 0.31851851851851853 0.016296296296296295 0.022222222222222223
0 0.6962962962962963 0.3175925925925926 0.02074074074074074 0.03148148148148148
0 0.6666666666666666 0.06018518518518518 0.011851851851851851 0.016666666666666666
0 0.6837037037037037 0.06574074074074074 0.013333333333333334 0.016666666666666666
0 0.6903703703703704 0.09259259259259259 0.017777777777777778 0.025925925925925925
0 0.682962962962963 0.11574074074074074 0.023703703703703703 0.020370370370370372
0 0.6533333333333333 0.1361111111111111 0.017777777777777778 0.024074074074074074
0 0.6451851851851852 0.08703703703703704 0.01925925925925926 0.022222222222222223
0 0.6866666666666666 0.16018518518518518 0.016296296296296295 0.020370370370370372
0 0.6370370370370371 0.17777777777777778 0.02074074074074074 0.018518518518518517
0 0.7214814814814815 0.01574074074074074 0.014814814814814815 0.016666666666666666
0 0.5733333333333334 0.6277777777777778 0.011851851851851851 0.018518518518518517
0 0.557037037037037 0.6194444444444445 0.008888888888888889 0.016666666666666666
0 0.6562962962962963 0.9675925925925926 0.008888888888888889 0.012962962962962963
0 0.482962962962963 0.9768518518518519 0.011851851851851851 0.012962962962962963
0 0.8207407407407408 0.5537037037037037 0.017777777777777778 0.03333333333333333
0 0.8037037037037037 0.5398148148148149 0.007407407407407408 0.016666666666666666
0 0.7303703703703703 0.5694444444444444 0.008888888888888889 0.016666666666666666
0 0.7318518518518519 0.5453703703703704 0.008888888888888889 0.016666666666666666
0 0.7429629629629629 0.5425925925925926 0.007407407407407408 0.011111111111111112
5 0.7311111111111112 0.5583333333333333 0.04 0.05
5 0.8037037037037037 0.5472222222222223 0.022222222222222223 0.027777777777777776
5 0.5948148148148148 0.9462962962962963 0.025185185185185185 0.02962962962962963
5 0.8874074074074074 0.19074074074074074 0.02074074074074074 0.025925925925925925
5 0.8777777777777778 0.2324074074074074 0.022222222222222223 0.020370370370370372
5 0.8725925925925926 0.2611111111111111 0.023703703703703703 0.022222222222222223
5 0.617037037037037 0.16944444444444445 0.025185185185185185 0.020370370370370372
5 0.6392592592592593 0.17962962962962964 0.028148148148148148 0.025925925925925925
5 0.6681481481481482 0.16944444444444445 0.014814814814814815 0.020370370370370372
5 0.7155555555555555 0.16018518518518518 0.017777777777777778 0.024074074074074074
5 0.8792592592592593 0.04351851851851852 0.01925925925925926 0.027777777777777776
