4 0.4585185185185185 0.49722222222222223 0.09037037037037036 0.12777777777777777
1 0.15703703703703703 0.9083333333333333 0.2162962962962963 0.1648148148148148
5 0.06444444444444444 0.1527777777777778 0.04888888888888889 0.09074074074074075
5 0.08814814814814814 0.2101851851851852 0.01925925925925926 0.016666666666666666
5 0.08962962962962963 0.2388888888888889 0.022222222222222223 0.022222222222222223
5 0.522962962962963 0.5185185185185185 0.017777777777777778 0.018518518518518517
5 0.4577777777777778 0.8768518518518519 0.023703703703703703 0.027777777777777776
5 0.5444444444444444 0.5712962962962963 0.022222222222222223 0.027777777777777776
0 0.6229629629629629 0.5898148148148148 0.034074074074074076 0.03888888888888889
0 0.6007407407407407 0.6518518518518519 0.04888888888888889 0.05555555555555555
0 0.37851851851851853 0.5342592592592592 0.037037037037037035 0.027777777777777776
0 0.37925925925925924 0.5027777777777778 0.02074074074074074 0.024074074074074074
0 0.4059259259259259 0.3851851851851852 0.023703703703703703 0.022222222222222223
0 0.42148148148148146 0.31851851851851853 0.022222222222222223 0.022222222222222223
0 0.39037037037037037 0.125 0.025185185185185185 0.04259259259259259
0 0.40370370370370373 0.17962962962962964 0.01925925925925926 0.022222222222222223
0 0.5162962962962963 0.011111111111111112 0.022222222222222223 0.014814814814814815
0 0.9851851851851852 0.32407407407407407 0.017777777777777778 0.02962962962962963
0 0.43703703703703706 0.9583333333333334 0.05333333333333334 0.024074074074074074
