4 0.4837037037037037 0.3416666666666667 0.1288888888888889 0.17222222222222222
1 0.07333333333333333 0.7824074074074074 0.14666666666666667 0.43148148148148147
1 0.2614814814814815 0.8601851851851852 0.22666666666666666 0.2722222222222222
0 0.4659259259259259 0.07685185185185185 0.025185185185185185 0.016666666666666666
0 0.4762962962962963 0.2175925925925926 0.028148148148148148 0.024074074074074074
0 0.3925925925925926 0.18703703703703703 0.02666666666666667 0.022222222222222223
0 0.37703703703703706 0.21203703703703702 0.025185185185185185 0.05
0 0.38 0.25462962962962965 0.01925925925925926 0.020370370370370372
0 0.4148148148148148 0.2175925925925926 0.014814814814814815 0.012962962962962963
0 0.4451851851851852 0.22870370370370371 0.01925925925925926 0.020370370370370372
0 0.42444444444444446 0.24351851851851852 0.016296296296296295 0.012962962962962963
0 0.37703703703703706 0.31666666666666665 0.037037037037037035 0.037037037037037035
0 0.38296296296296295 0.3675925925925926 0.016296296296296295 0.016666666666666666
0 0.5822222222222222 0.34074074074074073 0.02666666666666667 0.044444444444444446
0 0.605925925925926 0.43425925925925923 0.023703703703703703 0.024074074074074074
0 0.43851851851851853 0.625 0.02666666666666667 0.046296296296296294
0 0.5133333333333333 0.725925925925926 0.016296296296296295 0.014814814814814815
0 0.7103703703703703 0.4046296296296296 0.01925925925925926 0.020370370370370372
0 0.7355555555555555 0.4222222222222222 0.022222222222222223 0.022222222222222223
0 0.7385185185185185 0.3814814814814815 0.013333333333333334 0.014814814814814815
0 0.7577777777777778 0.4925925925925926 0.022222222222222223 0.04814814814814815
0 0.7014814814814815 0.46296296296296297 0.01925925925925926 0.04814814814814815
0 0.6985185185185185 0.5018518518518519 0.03111111111111111 0.02962962962962963
0 0.7377777777777778 0.5814814814814815 0.05333333333333334 0.08518518518518518
0 0.6577777777777778 0.549074074074074 0.02074074074074074 0.03148148148148148
0 0.6229629629629629 0.5611111111111111 0.01037037037037037 0.022222222222222223
0 0.6481481481481481 0.5962962962962963 0.037037037037037035 0.05185185185185185
0 0.7007407407407408 0.6518518518518519 0.02666666666666667 0.025925925925925925
0 0.6703703703703704 0.6675925925925926 0.028148148148148148 0.03518518518518519
0 0.6777777777777778 0.7018518518518518 0.05185185185185185 0.037037037037037035
0 0.6133333333333333 0.6888888888888889 0.02074074074074074 0.025925925925925925
0 0.5666666666666667 0.6666666666666666 0.01925925925925926 0.018518518518518517
0 0.5888888888888889 0.6833333333333333 0.01925925925925926 0.018518518518518517
0 0.5918518518518519 0.712037037037037 0.013333333333333334 0.016666666666666666
0 0.5466666666666666 0.6592592592592592 0.02074074074074074 0.025925925925925925
0 0.577037037037037 0.6916666666666667 0.013333333333333334 0.016666666666666666
0 0.5748148148148148 0.7185185185185186 0.023703703703703703 0.022222222222222223
0 0.6214814814814815 0.7175925925925926 0.013333333333333334 0.020370370370370372
0 0.457037037037037 0.5101851851851852 0.01037037037037037 0.016666666666666666
0 0.44296296296296295 0.8907407407407407 0.014814814814814815 0.018518518518518517
0 0.43777777777777777 0.8731481481481481 0.013333333333333334 0.016666666666666666
0 0.3933333333333333 0.8277777777777777 0.01925925925925926 0.025925925925925925
0 0.4488888888888889 0.8472222222222222 0.017777777777777778 0.016666666666666666
0 0.5533333333333333 0.7157407407407408 0.01925925925925926 0.020370370370370372
0 0.5348148148148149 0.6907407407407408 0.008888888888888889 0.011111111111111112
5 0.4274074074074074 0.9592592592592593 0.022222222222222223 0.022222222222222223
5 0.43703703703703706 0.9064814814814814 0.035555555555555556 0.027777777777777776
5 0.47185185185185186 0.887962962962963 0.013333333333333334 0.016666666666666666
5 0.422962962962963 0.8611111111111112 0.01925925925925926 0.018518518518518517
0 0.6392592592592593 0.6925925925925925 0.013333333333333334 0.025925925925925925
