4 0.4866666666666667 0.5101851851851852 0.09333333333333334 0.13518518518518519
1 0.06518518518518518 0.6703703703703704 0.13037037037037036 0.4962962962962963
1 0.22148148148148147 0.9277777777777778 0.18222222222222223 0.13703703703703704
5 0.0962962962962963 0.08703703703703704 0.02666666666666667 0.025925925925925925
5 0.08444444444444445 0.1574074074074074 0.047407407407407405 0.1
5 0.10814814814814815 0.21203703703703702 0.02666666666666667 0.027777777777777776
5 0.11407407407407408 0.24259259259259258 0.023703703703703703 0.025925925925925925
5 0.22444444444444445 0.16203703703703703 0.01925925925925926 0.016666666666666666
5 0.5762962962962963 0.5861111111111111 0.02074074074074074 0.027777777777777776
5 0.8733333333333333 0.14722222222222223 0.022222222222222223 0.027777777777777776
5 0.8859259259259259 0.12314814814814815 0.017777777777777778 0.024074074074074074
5 0.5325925925925926 0.09166666666666666 0.022222222222222223 0.027777777777777776
0 0.6518518518518519 0.6027777777777777 0.035555555555555556 0.03888888888888889
0 0.6340740740740741 0.6657407407407407 0.056296296296296296 0.06851851851851852
0 0.4103703703703704 0.5092592592592593 0.023703703703703703 0.02962962962962963
0 0.4051851851851852 0.5453703703703704 0.025185185185185185 0.020370370370370372
0 0.4096296296296296 0.5740740740740741 0.034074074074074076 0.037037037037037035
0 0.4066666666666667 0.39166666666666666 0.013333333333333334 0.020370370370370372
0 0.43333333333333335 0.4027777777777778 0.028148148148148148 0.03518518518518519
0 0.4696296296296296 0.4009259259259259 0.023703703703703703 0.03148148148148148
0 0.4540740740740741 0.32685185185185184 0.022222222222222223 0.027777777777777776
0 0.44814814814814813 0.16203703703703703 0.025185185185185185 0.03148148148148148
0 0.4362962962962963 0.19537037037037036 0.01925925925925926 0.024074074074074074
0 0.3985185185185185 0.10092592592592593 0.023703703703703703 0.016666666666666666
0 0.4222222222222222 0.11388888888888889 0.03259259259259259 0.027777777777777776
0 0.4162962962962963 0.14444444444444443 0.011851851851851851 0.014814814814814815
0 0.5437037037037037 0.017592592592592594 0.017777777777777778 0.012962962962962963
0 0.6918518518518518 0.037037037037037035 0.017777777777777778 0.022222222222222223
5 0.5525925925925926 0.5120370370370371 0.02666666666666667 0.024074074074074074
5 0.5525925925925926 0.5314814814814814 0.02074074074074074 0.025925925925925925
5 0.6792592592592592 0.2111111111111111 0.025185185185185185 0.025925925925925925
5 0.6844444444444444 0.10462962962962963 0.02666666666666667 0.03518518518518519
5 0.7570370370370371 0.08148148148148149 0.017777777777777778 0.014814814814814815
5 0.762962962962963 0.11388888888888889 0.02666666666666667 0.024074074074074074
