4 0.47555555555555556 0.26851851851851855 0.08592592592592592 0.11481481481481481
1 0.12814814814814815 0.712037037037037 0.25333333333333335 0.5722222222222222
1 0.46296296296296297 0.8037037037037037 0.4162962962962963 0.3851851851851852
5 0.4074074074074074 0.30277777777777776 0.02074074074074074 0.020370370370370372
5 0.19037037037037038 0.06759259259259259 0.022222222222222223 0.024074074074074074
5 0.23333333333333334 0.37592592592592594 0.022222222222222223 0.02962962962962963
0 0.5992592592592593 0.3990740740740741 0.013333333333333334 0.027777777777777776
0 0.41185185185185186 0.26851851851851855 0.02074074074074074 0.018518518518518517
0 0.43777777777777777 0.1287037037037037 0.01037037037037037 0.016666666666666666
0 0.4325925925925926 0.026851851851851852 0.008888888888888889 0.016666666666666666
