6 0.2111111111111111 0.7666666666666667 0.4192592592592593 0.45925925925925926
1 0.022222222222222223 0.44722222222222224 0.044444444444444446 0.55
1 0.14592592592592593 0.8018518518518518 0.2859259259259259 0.3851851851851852
2 0.9859259259259259 0.9666666666666667 0.01925925925925926 0.025925925925925925
0 0.6985185185185185 0.11481481481481481 0.025185185185185185 0.02962962962962963
0 0.5955555555555555 0.011111111111111112 0.02074074074074074 0.011111111111111112
0 0.4148148148148148 0.06759259259259259 0.02962962962962963 0.020370370370370372
0 0.3688888888888889 0.08425925925925926 0.035555555555555556 0.016666666666666666
0 0.3688888888888889 0.10833333333333334 0.04148148148148148 0.016666666666666666
0 0.37703703703703706 0.14074074074074075 0.016296296296296295 0.011111111111111112
0 0.41259259259259257 0.16018518518518518 0.025185185185185185 0.012962962962962963
0 0.3348148148148148 0.025 0.03259259259259259 0.016666666666666666
0 0.1562962962962963 0.22314814814814815 0.034074074074074076 0.012962962962962963
0 0.15037037037037038 0.43333333333333335 0.057777777777777775 0.02962962962962963
0 0.12074074074074075 0.47962962962962963 0.05185185185185185 0.037037037037037035
0 0.2637037037037037 0.8935185185185185 0.056296296296296296 0.07592592592592592
0 0.7303703703703703 0.31851851851851853 0.017777777777777778 0.022222222222222223
0 0.08 0.33425925925925926 0.05333333333333334 0.046296296296296294
0 0.16 0.6111111111111112 0.03259259259259259 0.03333333333333333
0 0.0637037037037037 0.13703703703703704 0.05925925925925926 0.03333333333333333
4 0.8703703703703703 0.5037037037037037 0.25333333333333335 0.9703703703703703
3 0.3474074074074074 0.5 0.682962962962963 0.9925925925925926
