6 0.2 0.7777777777777778 0.397037037037037 0.43703703703703706
1 0.16518518518518518 0.7981481481481482 0.3244444444444444 0.3962962962962963
1 0.04666666666666667 0.5648148148148148 0.09333333333333334 0.26666666666666666
2 0.9866666666666667 0.9657407407407408 0.02074074074074074 0.024074074074074074
0 0.6644444444444444 0.07592592592592592 0.025185185185185185 0.03333333333333333
0 0.20296296296296296 0.3925925925925926 0.02074074074074074 0.040740740740740744
0 0.03259259259259259 0.18888888888888888 0.017777777777777778 0.025925925925925925
0 0.005185185185185185 0.2064814814814815 0.01037037037037037 0.03148148148148148
0 0.008148148148148147 0.32314814814814813 0.016296296296296295 0.03888888888888889
0 0.2511111111111111 0.487962962962963 0.016296296296296295 0.020370370370370372
0 0.3125925925925926 0.5064814814814815 0.014814814814814815 0.027777777777777776
0 0.2525925925925926 0.5277777777777778 0.013333333333333334 0.014814814814814815
0 0.2725925925925926 0.5361111111111111 0.02074074074074074 0.03518518518518519
0 0.3496296296296296 0.75 0.017777777777777778 0.037037037037037035
0 0.3496296296296296 0.03981481481481482 0.017777777777777778 0.027777777777777776
0 0.26222222222222225 0.021296296296296296 0.014814814814814815 0.020370370370370372
0 0.2903703703703704 0.03518518518518519 0.017777777777777778 0.014814814814814815
0 0.3037037037037037 0.07592592592592592 0.03259259259259259 0.02962962962962963
0 0.28888888888888886 0.10462962962962963 0.014814814814814815 0.016666666666666666
0 0.3207407407407407 0.10740740740740741 0.022222222222222223 0.022222222222222223
0 0.36074074074074075 0.1175925925925926 0.025185185185185185 0.024074074074074074
0 0.4266666666666667 0.15185185185185185 0.017777777777777778 0.014814814814814815
0 0.6525925925925926 0.8787037037037037 0.01037037037037037 0.009259259259259259
5 0.6466666666666666 0.8907407407407407 0.04296296296296296 0.044444444444444446
5 0.4659259259259259 0.2037037037037037 0.03111111111111111 0.03333333333333333
4 0.9666666666666667 0.5046296296296297 0.057777777777777775 0.7722222222222223
