4 0.20222222222222222 0.3574074074074074 0.0962962962962963 0.18518518518518517
5 0.2614814814814815 0.32314814814814813 0.022222222222222223 0.024074074074074074
5 0.2614814814814815 0.35648148148148145 0.016296296296296295 0.016666666666666666
5 0.05925925925925926 0.6305555555555555 0.011851851851851851 0.012962962962962963
5 0.03851851851851852 0.6287037037037037 0.017777777777777778 0.016666666666666666
0 0.4288888888888889 0.4898148148148148 0.025185185185185185 0.03518518518518519
0 0.38666666666666666 0.5592592592592592 0.02666666666666667 0.025925925925925925
0 0.39037037037037037 0.5814814814814815 0.013333333333333334 0.014814814814814815
0 0.4014814814814815 0.6064814814814815 0.017777777777777778 0.027777777777777776
0 0.08888888888888889 0.3453703703703704 0.011851851851851851 0.016666666666666666
0 0.08888888888888889 0.3675925925925926 0.011851851851851851 0.024074074074074074
0 0.18 0.09814814814814815 0.013333333333333334 0.018518518518518517
0 0.15333333333333332 0.02962962962962963 0.04296296296296296 0.037037037037037035
0 0.19185185185185186 0.016666666666666666 0.028148148148148148 0.02962962962962963
0 0.0962962962962963 0.14814814814814814 0.03259259259259259 0.04814814814814815
0 0.10444444444444445 0.20833333333333334 0.01037037037037037 0.020370370370370372
0 0.11851851851851852 0.19074074074074074 0.017777777777777778 0.014814814814814815
0 0.10222222222222223 0.24444444444444444 0.014814814814814815 0.040740740740740744
