4 0.35703703703703704 0.3972222222222222 0.08 0.10925925925925926
1 0.7888888888888889 0.9185185185185185 0.2237037037037037 0.15925925925925927
5 0.7844444444444445 0.21296296296296297 0.01925925925925926 0.025925925925925925
5 0.7688888888888888 0.1675925925925926 0.02074074074074074 0.024074074074074074
5 0.8422222222222222 0.014814814814814815 0.028148148148148148 0.02962962962962963
0 0.2696296296296296 0.04351851851851852 0.011851851851851851 0.012962962962962963
0 0.2859259259259259 0.075 0.02962962962962963 0.03518518518518519
0 0.30592592592592593 0.1259259259259259 0.01037037037037037 0.018518518518518517
0 0.2866666666666667 0.1388888888888889 0.028148148148148148 0.022222222222222223
0 0.31333333333333335 0.25555555555555554 0.016296296296296295 0.02962962962962963
5 0.28888888888888886 0.41203703703703703 0.03259259259259259 0.053703703703703705
5 0.6644444444444444 0.03333333333333333 0.025185185185185185 0.044444444444444446
5 0.6696296296296296 0.08981481481481482 0.04148148148148148 0.05
5 0.6511111111111111 0.13333333333333333 0.01925925925925926 0.022222222222222223
5 0.2962962962962963 0.29074074074074074 0.02666666666666667 0.03333333333333333
0 0.2777777777777778 0.4083333333333333 0.013333333333333334 0.016666666666666666
0 0.2911111111111111 0.3990740740740741 0.01925925925925926 0.020370370370370372
0 0.2162962962962963 0.012962962962962963 0.011851851851851851 0.018518518518518517
1 0.8733333333333333 0.7407407407407407 0.23555555555555555 0.18888888888888888
1 0.9333333333333333 0.8842592592592593 0.07111111111111111 0.09814814814814815
5 0.5111111111111111 0.027777777777777776 0.02666666666666667 0.037037037037037035
