4 0.642962962962963 0.5481481481481482 0.10666666666666667 0.15185185185185185
1 0.0962962962962963 0.5712962962962963 0.1925925925925926 0.8425925925925926
5 0.24222222222222223 0.032407407407407406 0.057777777777777775 0.06481481481481481
5 0.2288888888888889 0.10648148148148148 0.09333333333333334 0.08333333333333333
5 0.2637037037037037 0.19537037037037036 0.06222222222222222 0.09814814814814815
5 0.3022222222222222 0.2861111111111111 0.02074074074074074 0.024074074074074074
5 0.3 0.36018518518518516 0.016296296296296295 0.024074074074074074
5 0.28444444444444444 0.5481481481481482 0.017777777777777778 0.022222222222222223
5 0.3874074074074074 0.1388888888888889 0.01925925925925926 0.022222222222222223
5 0.4140740740740741 0.08518518518518518 0.022222222222222223 0.018518518518518517
5 0.44666666666666666 0.20833333333333334 0.01925925925925926 0.024074074074074074
5 0.34296296296296297 0.19444444444444445 0.022222222222222223 0.025925925925925925
5 0.3459259259259259 0.13703703703703704 0.016296296296296295 0.014814814814814815
5 0.717037037037037 0.10833333333333334 0.02074074074074074 0.020370370370370372
5 0.7407407407407407 0.11203703703703703 0.014814814814814815 0.020370370370370372
5 0.9644444444444444 0.17314814814814813 0.02074074074074074 0.024074074074074074
5 0.9792592592592593 0.20925925925925926 0.017777777777777778 0.025925925925925925
5 0.06888888888888889 0.2101851851851852 0.01925925925925926 0.020370370370370372
5 0.05185185185185185 0.26296296296296295 0.03851851851851852 0.06666666666666667
5 0.5933333333333334 0.9444444444444444 0.01925925925925926 0.018518518518518517
5 0.5518518518518518 0.987037037037037 0.022222222222222223 0.018518518518518517
5 0.6533333333333333 0.9722222222222222 0.014814814814814815 0.014814814814814815
5 0.7237037037037037 0.5583333333333333 0.037037037037037035 0.046296296296296294
5 0.8755555555555555 0.06481481481481481 0.047407407407407405 0.05555555555555555
5 0.7125925925925926 0.030555555555555555 0.023703703703703703 0.03518518518518519
5 0.6933333333333334 0.03611111111111111 0.017777777777777778 0.024074074074074074
5 0.56 0.053703703703703705 0.03259259259259259 0.022222222222222223
5 0.8814814814814815 0.13425925925925927 0.03259259259259259 0.03148148148148148
5 0.8592592592592593 0.22037037037037038 0.014814814814814815 0.018518518518518517
0 0.7096296296296296 0.025925925925925925 0.011851851851851851 0.011111111111111112
0 0.6355555555555555 0.15462962962962962 0.014814814814814815 0.016666666666666666
0 0.6214814814814815 0.18703703703703703 0.01037037037037037 0.014814814814814815
0 0.6496296296296297 0.3296296296296296 0.016296296296296295 0.014814814814814815
0 0.6866666666666666 0.3287037037037037 0.016296296296296295 0.024074074074074074
0 0.6318518518518519 0.41944444444444445 0.007407407407407408 0.012962962962962963
0 0.7422222222222222 0.425 0.047407407407407405 0.03888888888888889
0 0.5674074074074074 0.6314814814814815 0.014814814814814815 0.018518518518518517
0 0.554074074074074 0.6268518518518519 0.011851851851851851 0.020370370370370372
0 0.7948148148148149 0.5416666666666666 0.01037037037037037 0.020370370370370372
0 0.8096296296296296 0.5537037037037037 0.013333333333333334 0.02962962962962963
0 0.8066666666666666 0.6231481481481481 0.01037037037037037 0.03148148148148148
0 0.76 0.6333333333333333 0.044444444444444446 0.037037037037037035
0 0.782962962962963 0.675 0.028148148148148148 0.03888888888888889
0 0.7562962962962962 0.6981481481481482 0.04296296296296296 0.044444444444444446
0 0.6481481481481481 0.7342592592592593 0.04888888888888889 0.08703703703703704
0 0.654074074074074 0.787962962962963 0.034074074074074076 0.020370370370370372
0 0.6725925925925926 0.812962962962963 0.035555555555555556 0.037037037037037035
0 0.7037037037037037 0.8083333333333333 0.02074074074074074 0.020370370370370372
0 0.7251851851851852 0.8277777777777777 0.057777777777777775 0.025925925925925925
0 0.7577777777777778 0.8138888888888889 0.016296296296296295 0.03888888888888889
0 0.7977777777777778 0.7777777777777778 0.04888888888888889 0.07037037037037037
0 0.6911111111111111 0.7481481481481481 0.013333333333333334 0.018518518518518517
0 0.6466666666666666 0.41759259259259257 0.01037037037037037 0.020370370370370372
0 0.64 0.4361111111111111 0.011851851851851851 0.012962962962962963
0 0.6066666666666667 0.4425925925925926 0.013333333333333334 0.014814814814814815
0 0.6355555555555555 0.1 0.017777777777777778 0.018518518518518517
0 0.6503703703703704 0.07592592592592592 0.008888888888888889 0.014814814814814815
0 0.6681481481481482 0.07407407407407407 0.014814814814814815 0.014814814814814815
0 0.68 0.09907407407407408 0.014814814814814815 0.03148148148148148
0 0.5555555555555556 0.9074074074074074 0.008888888888888889 0.011111111111111112
5 0.6037037037037037 0.8777777777777778 0.028148148148148148 0.022222222222222223
5 0.6377777777777778 0.9194444444444444 0.016296296296296295 0.020370370370370372
5 0.9555555555555556 0.14814814814814814 0.017777777777777778 0.022222222222222223
5 0.6370370370370371 0.1925925925925926 0.014814814814814815 0.022222222222222223
5 0.6103703703703703 0.9166666666666666 0.02074074074074074 0.018518518518518517
5 0.582962962962963 0.9314814814814815 0.016296296296296295 0.022222222222222223
5 0.6392592592592593 0.975925925925926 0.025185185185185185 0.03333333333333333
5 0.6607407407407407 0.9305555555555556 0.02962962962962963 0.03518518518518519
