4 0.64 0.4324074074074074 0.11851851851851852 0.1537037037037037
1 0.10666666666666667 0.5472222222222223 0.21333333333333335 0.9018518518518519
1 0.30962962962962964 0.8212962962962963 0.18666666666666668 0.3537037037037037
5 0.6340740740740741 0.8916666666666667 0.02074074074074074 0.024074074074074074
5 0.17333333333333334 0.29259259259259257 0.023703703703703703 0.025925925925925925
5 0.2614814814814815 0.04351851851851852 0.01925925925925926 0.024074074074074074
5 0.43555555555555553 0.03425925925925926 0.017777777777777778 0.024074074074074074
5 0.8992592592592593 0.125 0.017777777777777778 0.020370370370370372
5 0.6162962962962963 0.037037037037037035 0.02074074074074074 0.025925925925925925
5 0.642962962962963 0.05092592592592592 0.02666666666666667 0.020370370370370372
5 0.7214814814814815 0.43703703703703706 0.023703703703703703 0.022222222222222223
5 0.8059259259259259 0.5342592592592592 0.017777777777777778 0.020370370370370372
0 0.6644444444444444 0.18888888888888888 0.01925925925925926 0.022222222222222223
0 0.6977777777777778 0.18333333333333332 0.02962962962962963 0.02962962962962963
0 0.7251851851851852 0.18611111111111112 0.016296296296296295 0.024074074074074074
0 0.6474074074074074 0.29814814814814816 0.02074074074074074 0.044444444444444446
0 0.7355555555555555 0.31666666666666665 0.022222222222222223 0.02962962962962963
0 0.7577777777777778 0.30092592592592593 0.013333333333333334 0.020370370370370372
0 0.6985185185185185 0.041666666666666664 0.06962962962962962 0.016666666666666666
0 0.8074074074074075 0.45555555555555555 0.02666666666666667 0.03333333333333333
0 0.8533333333333334 0.45185185185185184 0.035555555555555556 0.02962962962962963
0 0.8511111111111112 0.4842592592592593 0.013333333333333334 0.024074074074074074
0 0.8311111111111111 0.48055555555555557 0.011851851851851851 0.020370370370370372
0 0.7555555555555555 0.5416666666666666 0.02666666666666667 0.03148148148148148
0 0.8207407407407408 0.5342592592592592 0.02666666666666667 0.06851851851851852
0 0.7933333333333333 0.5611111111111111 0.028148148148148148 0.02962962962962963
0 0.8637037037037038 0.6037037037037037 0.014814814814814815 0.025925925925925925
0 0.8481481481481481 0.6611111111111111 0.04 0.06666666666666667
0 0.8148148148148148 0.7296296296296296 0.017777777777777778 0.037037037037037035
0 0.7474074074074074 0.6333333333333333 0.013333333333333334 0.02962962962962963
0 0.7859259259259259 0.625 0.01037037037037037 0.016666666666666666
0 0.7637037037037037 0.6592592592592592 0.013333333333333334 0.011111111111111112
0 0.7444444444444445 0.6685185185185185 0.016296296296296295 0.014814814814814815
0 0.6888888888888889 0.662962962962963 0.02962962962962963 0.02962962962962963
0 0.6222222222222222 0.6731481481481482 0.03259259259259259 0.05
0 0.6325925925925926 0.7166666666666667 0.04148148148148148 0.044444444444444446
0 0.6785185185185185 0.7379629629629629 0.05037037037037037 0.053703703703703705
0 0.74 0.7620370370370371 0.1111111111111111 0.046296296296296294
0 0.6207407407407407 0.625 0.014814814814814815 0.016666666666666666
0 0.5888888888888889 0.33611111111111114 0.034074074074074076 0.03148148148148148
5 0.9037037037037037 0.07962962962962963 0.02666666666666667 0.022222222222222223
5 0.9022222222222223 0.10648148148148148 0.017777777777777778 0.03148148148148148
5 0.7311111111111112 0.7490740740740741 0.01925925925925926 0.024074074074074074
5 0.977037037037037 0.8111111111111111 0.016296296296296295 0.022222222222222223
5 0.6925925925925925 0.6 0.01925925925925926 0.025925925925925925
5 0.5844444444444444 0.8166666666666667 0.01925925925925926 0.025925925925925925
