1 0.1474074074074074 0.8055555555555556 0.277037037037037 0.3851851851851852
6 0.2051851851851852 0.7675925925925926 0.40444444444444444 0.45740740740740743
0 0.6792592592592592 0.1111111111111111 0.025185185185185185 0.02962962962962963
0 0.2051851851851852 0.4222222222222222 0.037037037037037035 0.05555555555555555
0 0.03925925925925926 0.21944444444444444 0.04296296296296296 0.046296296296296294
0 0.2511111111111111 0.5398148148148149 0.022222222222222223 0.06851851851851852
0 0.3162962962962963 0.5101851851851852 0.034074074074074076 0.027777777777777776
0 0.24888888888888888 0.5990740740740741 0.02074074074074074 0.027777777777777776
0 0.21185185185185185 0.6138888888888889 0.02074074074074074 0.024074074074074074
0 0.1925925925925926 0.5305555555555556 0.023703703703703703 0.03888888888888889
0 0.45925925925925926 0.1685185185185185 0.014814814814814815 0.018518518518518517
0 0.43703703703703706 0.17962962962962964 0.023703703703703703 0.022222222222222223
0 0.3637037037037037 0.03333333333333333 0.022222222222222223 0.02962962962962963
0 0.36074074074074075 0.062037037037037036 0.025185185185185185 0.024074074074074074
0 0.2748148148148148 0.011111111111111112 0.025185185185185185 0.018518518518518517
0 0.27555555555555555 0.04259259259259259 0.023703703703703703 0.018518518518518517
0 0.30518518518518517 0.06481481481481481 0.02666666666666667 0.025925925925925925
0 0.31407407407407406 0.10185185185185185 0.03851851851851852 0.03333333333333333
0 0.32592592592592595 0.13333333333333333 0.03259259259259259 0.025925925925925925
0 0.36962962962962964 0.14444444444444443 0.03111111111111111 0.022222222222222223
0 0.04296296296296296 0.4981481481481482 0.03851851851851852 0.025925925925925925
0 0.02 0.5592592592592592 0.04 0.037037037037037035
0 0.07037037037037037 0.5425925925925926 0.037037037037037035 0.025925925925925925
0 0.022222222222222223 0.6861111111111111 0.02666666666666667 0.016666666666666666
2 0.9866666666666667 0.9657407407407408 0.02074074074074074 0.027777777777777776
0 0.8496296296296296 0.4083333333333333 0.013333333333333334 0.012962962962962963
0 0.6348148148148148 0.9027777777777778 0.01037037037037037 0.024074074074074074
0 0.36592592592592593 0.8009259259259259 0.008888888888888889 0.012962962962962963
0 0.3585185185185185 0.812037037037037 0.008888888888888889 0.012962962962962963
5 0.47555555555555556 0.2324074074074074 0.03259259259259259 0.03148148148148148
4 0.8881481481481481 0.4981481481481482 0.21481481481481482 0.9888888888888889
3 0.2088888888888889 0.3824074074074074 0.41185185185185186 0.587037037037037
