0 0.662962962962963 0.08055555555555556 0.022222222222222223 0.03888888888888889
0 0.8437037037037037 0.375 0.013333333333333334 0.020370370370370372
0 0.6459259259259259 0.8842592592592593 0.011851851851851851 0.024074074074074074
0 0.4222222222222222 0.15833333333333333 0.017777777777777778 0.027777777777777776
0 0.35333333333333333 0.1175925925925926 0.028148148148148148 0.016666666666666666
0 0.34444444444444444 0.041666666666666664 0.013333333333333334 0.024074074074074074
0 0.2548148148148148 0.024074074074074074 0.017777777777777778 0.018518518518518517
0 0.28444444444444444 0.03888888888888889 0.017777777777777778 0.022222222222222223
0 0.3 0.027777777777777776 0.01037037037037037 0.011111111111111112
0 0.19407407407407407 0.4083333333333333 0.03259259259259259 0.06481481481481481
0 0.02074074074074074 0.48148148148148145 0.035555555555555556 0.02962962962962963
0 0.06 0.5351851851851852 0.04296296296296296 0.05555555555555555
0 0.01037037037037037 0.5212962962962963 0.02074074074074074 0.046296296296296294
0 0.034074074074074076 0.6037037037037037 0.035555555555555556 0.07777777777777778
0 0.00962962962962963 0.6416666666666667 0.013333333333333334 0.03148148148148148
0 0.06666666666666667 0.6333333333333333 0.023703703703703703 0.03333333333333333
0 0.018518518518518517 0.674074074074074 0.016296296296296295 0.037037037037037035
0 0.18222222222222223 0.5194444444444445 0.023703703703703703 0.024074074074074074
0 0.24074074074074073 0.5166666666666667 0.01925925925925926 0.05555555555555555
0 0.2562962962962963 0.5462962962962963 0.02074074074074074 0.037037037037037035
0 0.30444444444444446 0.5064814814814815 0.025185185185185185 0.027777777777777776
0 0.29777777777777775 0.07962962962962963 0.02962962962962963 0.037037037037037035
0 0.31555555555555553 0.11481481481481481 0.02074074074074074 0.022222222222222223
0 0.4688888888888889 0.20277777777777778 0.007407407407407408 0.012962962962962963
2 0.9851851851851852 0.9657407407407408 0.02074074074074074 0.024074074074074074
1 0.16148148148148148 0.8009259259259259 0.3111111111111111 0.39444444444444443
6 0.20074074074074075 0.7759259259259259 0.3985185185185185 0.44074074074074077
0 0.34074074074074073 0.7592592592592593 0.014814814814814815 0.02962962962962963
0 0.023703703703703703 0.20092592592592592 0.02074074074074074 0.024074074074074074
5 0.46074074074074073 0.20833333333333334 0.02666666666666667 0.03888888888888889
4 0.9496296296296296 0.5092592592592593 0.09481481481481481 0.9481481481481482
3 0.06518518518518518 0.4101851851851852 0.1274074074074074 0.6203703703703703
