4 0.5296296296296297 0.3416666666666667 0.1259259259259259 0.1574074074074074
1 0.09925925925925926 0.6851851851851852 0.1985185185185185 0.6259259259259259
1 0.29259259259259257 0.8138888888888889 0.18518518518518517 0.3648148148148148
5 0.8296296296296296 0.007407407407407408 0.023703703703703703 0.014814814814814815
0 0.5274074074074074 0.08611111111111111 0.04148148148148148 0.03148148148148148
0 0.43555555555555553 0.19537037037037036 0.03851851851851852 0.016666666666666666
0 0.43037037037037035 0.22314814814814815 0.016296296296296295 0.024074074074074074
0 0.4674074074074074 0.22777777777777777 0.013333333333333334 0.014814814814814815
0 0.5140740740740741 0.22777777777777777 0.056296296296296296 0.044444444444444446
0 0.4437037037037037 0.25277777777777777 0.022222222222222223 0.03518518518518519
0 0.42962962962962964 0.32314814814814813 0.011851851851851851 0.03148148148148148
0 0.43037037037037035 0.36944444444444446 0.013333333333333334 0.016666666666666666
0 0.6274074074074074 0.35 0.022222222222222223 0.040740740740740744
0 0.7614814814814815 0.38796296296296295 0.02962962962962963 0.027777777777777776
0 0.7511111111111111 0.4148148148148148 0.02962962962962963 0.025925925925925925
0 0.7911111111111111 0.48518518518518516 0.03851851851851852 0.08888888888888889
0 0.7340740740740741 0.4787037037037037 0.025185185185185185 0.06111111111111111
0 0.6518518518518519 0.4388888888888889 0.017777777777777778 0.03333333333333333
0 0.6918518518518518 0.5472222222222223 0.02666666666666667 0.03518518518518519
0 0.7748148148148148 0.587037037037037 0.047407407407407405 0.07037037037037037
0 0.6711111111111111 0.5833333333333334 0.05037037037037037 0.06666666666666667
0 0.7348148148148148 0.6527777777777778 0.011851851851851851 0.016666666666666666
0 0.7303703703703703 0.6842592592592592 0.014814814814814815 0.024074074074074074
0 0.6977777777777778 0.6796296296296296 0.02962962962962963 0.05925925925925926
0 0.562962962962963 0.7083333333333334 0.02666666666666667 0.03518518518518519
0 0.62 0.6935185185185185 0.05185185185185185 0.06851851851851852
0 0.6748148148148149 0.6888888888888889 0.01925925925925926 0.025925925925925925
0 0.49037037037037035 0.6083333333333333 0.02074074074074074 0.06481481481481481
