1 0.13777777777777778 0.55 0.2725925925925926 0.8777777777777778
2 0.9859259259259259 0.9657407407407408 0.01925925925925926 0.024074074074074074
5 0.2518518518518518 0.725 0.02666666666666667 0.053703703703703705
5 0.27925925925925926 0.8611111111111112 0.03111111111111111 0.06296296296296296
5 0.32592592592592595 0.9259259259259259 0.05037037037037037 0.07407407407407407
5 0.4274074074074074 0.8518518518518519 0.054814814814814816 0.07407407407407407
5 0.5933333333333334 0.8407407407407408 0.04 0.037037037037037035
5 0.6474074074074074 0.8574074074074074 0.03851851851851852 0.040740740740740744
5 0.23851851851851852 0.024074074074074074 0.05925925925925926 0.04814814814814815
5 0.2859259259259259 0.06018518518518518 0.06222222222222222 0.06851851851851852
5 0.31925925925925924 0.12222222222222222 0.08444444444444445 0.1111111111111111
5 0.4622222222222222 0.2564814814814815 0.02666666666666667 0.03148148148148148
0 0.6985185185185185 0.3277777777777778 0.013333333333333334 0.022222222222222223
0 0.6548148148148148 0.12685185185185185 0.02666666666666667 0.03148148148148148
0 0.5488888888888889 0.028703703703703703 0.01925925925925926 0.016666666666666666
0 0.5607407407407408 0.08796296296296297 0.013333333333333334 0.016666666666666666
0 0.894074074074074 0.05555555555555555 0.04 0.05185185185185185
0 0.922962962962963 0.10833333333333334 0.011851851851851851 0.016666666666666666
0 0.33037037037037037 0.12962962962962962 0.023703703703703703 0.044444444444444446
0 0.37333333333333335 0.10092592592592593 0.011851851851851851 0.020370370370370372
0 0.22666666666666666 0.014814814814814815 0.023703703703703703 0.022222222222222223
0 0.11185185185185186 0.2601851851851852 0.016296296296296295 0.03518518518518519
0 0.24962962962962962 0.725925925925926 0.01925925925925926 0.040740740740740744
0 0.8185185185185185 0.6712962962962963 0.016296296296296295 0.020370370370370372
0 0.6755555555555556 0.23703703703703705 0.008888888888888889 0.018518518518518517
0 0.7 0.22407407407407406 0.013333333333333334 0.018518518518518517
0 0.46296296296296297 0.2537037037037037 0.016296296296296295 0.014814814814814815
0 0.3474074074074074 0.1685185185185185 0.013333333333333334 0.011111111111111112
0 0.6548148148148148 0.8527777777777777 0.011851851851851851 0.012962962962962963
4 0.9718518518518519 0.5111111111111111 0.05037037037037037 0.774074074074074
