4 0.542962962962963 0.5388888888888889 0.0962962962962963 0.13333333333333333
1 0.09481481481481481 0.6305555555555555 0.1837037037037037 0.6351851851851852
5 0.13333333333333333 0.08333333333333333 0.05333333333333334 0.040740740740740744
5 0.12666666666666668 0.13425925925925927 0.06962962962962962 0.05
5 0.12074074074074075 0.17592592592592593 0.07851851851851852 0.02962962962962963
5 0.12148148148148148 0.20555555555555555 0.04148148148148148 0.02962962962962963
5 0.16296296296296298 0.2462962962962963 0.03851851851851852 0.05555555555555555
0 0.5207407407407407 0.3435185185185185 0.037037037037037035 0.03148148148148148
0 0.5133333333333333 0.10833333333333334 0.03111111111111111 0.020370370370370372
0 0.4785185185185185 0.1259259259259259 0.02666666666666667 0.022222222222222223
0 0.5007407407407407 0.18796296296296297 0.047407407407407405 0.03148148148148148
0 0.5933333333333334 0.03611111111111111 0.016296296296296295 0.016666666666666666
0 0.7525925925925926 0.06111111111111111 0.017777777777777778 0.014814814814814815
0 0.522962962962963 0.42685185185185187 0.02962962962962963 0.03518518518518519
0 0.48148148148148145 0.43148148148148147 0.05037037037037037 0.040740740740740744
0 0.7096296296296296 0.6203703703703703 0.044444444444444446 0.05185185185185185
0 0.6822222222222222 0.6666666666666666 0.0637037037037037 0.05185185185185185
0 0.7074074074074074 0.7166666666666667 0.016296296296296295 0.040740740740740744
0 0.6370370370370371 0.6185185185185185 0.023703703703703703 0.022222222222222223
0 0.6340740740740741 0.7092592592592593 0.023703703703703703 0.022222222222222223
0 0.6674074074074074 0.7657407407407407 0.028148148148148148 0.016666666666666666
0 0.5977777777777777 0.7842592592592592 0.0637037037037037 0.05740740740740741
0 0.5437037037037037 0.762962962962963 0.04148148148148148 0.05925925925925926
0 0.4614814814814815 0.612037037037037 0.03111111111111111 0.03148148148148148
5 0.45555555555555555 0.575925925925926 0.025185185185185185 0.025925925925925925
5 0.6474074074074074 0.737037037037037 0.06222222222222222 0.02962962962962963
