4 0.6214814814814815 0.5546296296296296 0.10222222222222223 0.1425925925925926
1 0.0962962962962963 0.5601851851851852 0.18962962962962962 0.8203703703703704
5 0.05925925925925926 0.30462962962962964 0.03851851851851852 0.08703703703703704
5 0.1874074074074074 0.13148148148148148 0.04296296296296296 0.06666666666666667
5 0.22296296296296297 0.058333333333333334 0.04296296296296296 0.08333333333333333
5 0.23703703703703705 0.2074074074074074 0.06814814814814815 0.12962962962962962
5 0.38814814814814813 0.11296296296296296 0.017777777777777778 0.022222222222222223
5 0.36148148148148146 0.1712962962962963 0.017777777777777778 0.016666666666666666
5 0.697037037037037 0.5574074074074075 0.028148148148148148 0.018518518518518517
5 0.6933333333333334 0.5814814814814815 0.02074074074074074 0.018518518518518517
5 0.2777777777777778 0.39444444444444443 0.013333333333333334 0.014814814814814815
5 0.2777777777777778 0.32037037037037036 0.022222222222222223 0.022222222222222223
5 0.42074074074074075 0.23425925925925925 0.017777777777777778 0.020370370370370372
5 0.3207407407407407 0.17592592592592593 0.013333333333333334 0.022222222222222223
5 0.8496296296296296 0.08425925925925926 0.028148148148148148 0.027777777777777776
5 0.917037037037037 0.1361111111111111 0.023703703703703703 0.03148148148148148
5 0.6192592592592593 0.1787037037037037 0.02074074074074074 0.027777777777777776
5 0.6792592592592592 0.044444444444444446 0.022222222222222223 0.02962962962962963
5 0.27111111111111114 0.5675925925925925 0.02074074074074074 0.027777777777777776
0 0.6207407407407407 0.35 0.014814814814814815 0.014814814814814815
0 0.6229629629629629 0.10925925925925926 0.03111111111111111 0.037037037037037035
0 0.6488888888888888 0.1111111111111111 0.011851851851851851 0.022222222222222223
0 0.6 0.12129629629629629 0.014814814814814815 0.020370370370370372
0 0.6007407407407407 0.18333333333333332 0.016296296296296295 0.018518518518518517
0 0.5940740740740741 0.2064814814814815 0.011851851851851851 0.016666666666666666
0 0.6051851851851852 0.4444444444444444 0.034074074074074076 0.044444444444444446
0 0.5762962962962963 0.4537037037037037 0.017777777777777778 0.014814814814814815
0 0.5481481481481482 0.6425925925925926 0.014814814814814815 0.014814814814814815
0 0.7762962962962963 0.549074074074074 0.017777777777777778 0.020370370370370372
0 0.7348148148148148 0.6388888888888888 0.035555555555555556 0.05185185185185185
0 0.7444444444444445 0.7 0.0725925925925926 0.07777777777777778
0 0.7837037037037037 0.6435185185185185 0.02666666666666667 0.06851851851851852
0 0.8081481481481482 0.6851851851851852 0.016296296296296295 0.018518518518518517
0 0.7992592592592592 0.712037037037037 0.016296296296296295 0.03148148148148148
0 0.6259259259259259 0.737037037037037 0.057777777777777775 0.08148148148148149
0 0.6785185185185185 0.8074074074074075 0.11851851851851852 0.07037037037037037
0 0.7659259259259259 0.7833333333333333 0.047407407407407405 0.05925925925925926
0 0.7237037037037037 0.42407407407407405 0.013333333333333334 0.014814814814814815
0 0.9207407407407407 0.13703703703703704 0.01037037037037037 0.011111111111111112
0 0.6792592592592592 0.04351851851851852 0.01037037037037037 0.016666666666666666
0 0.5333333333333333 0.6314814814814815 0.011851851851851851 0.014814814814814815
0 0.6437037037037037 0.9222222222222223 0.01037037037037037 0.007407407407407408
