4 0.4051851851851852 0.33240740740740743 0.08148148148148149 0.11666666666666667
1 0.1362962962962963 0.7666666666666667 0.2725925925925926 0.45925925925925926
1 0.5511111111111111 0.8787037037037037 0.554074074074074 0.2351851851851852
5 0.457037037037037 0.337037037037037 0.022222222222222223 0.03333333333333333
5 0.5333333333333333 0.4648148148148148 0.02666666666666667 0.03333333333333333
0 0.36518518518518517 0.18796296296296297 0.013333333333333334 0.020370370370370372
0 0.36074074074074075 0.07314814814814814 0.016296296296296295 0.024074074074074074
0 0.337037037037037 0.08148148148148149 0.022222222222222223 0.022222222222222223
0 0.32814814814814813 0.020370370370370372 0.013333333333333334 0.014814814814814815
0 0.3496296296296296 0.013888888888888888 0.017777777777777778 0.016666666666666666
0 0.3496296296296296 0.032407407407407406 0.02074074074074074 0.016666666666666666
0 0.5288888888888889 0.46111111111111114 0.011851851851851851 0.018518518518518517
0 0.33925925925925926 0.33611111111111114 0.023703703703703703 0.027777777777777776
5 0.8274074074074074 0.16574074074074074 0.03111111111111111 0.024074074074074074
5 0.8125925925925926 0.12777777777777777 0.022222222222222223 0.025925925925925925
5 0.7044444444444444 0.08796296296296297 0.022222222222222223 0.027777777777777776
