4 0.33555555555555555 0.41944444444444445 0.07555555555555556 0.12777777777777777
1 0.8681481481481481 0.7870370370370371 0.1985185185185185 0.35185185185185186
1 0.774074074074074 0.924074074074074 0.19407407407407407 0.14444444444444443
5 0.2696296296296296 0.4222222222222222 0.02962962962962963 0.025925925925925925
5 0.27555555555555555 0.4527777777777778 0.011851851851851851 0.024074074074074074
5 0.38296296296296295 0.4185185185185185 0.022222222222222223 0.025925925925925925
5 0.277037037037037 0.31203703703703706 0.023703703703703703 0.020370370370370372
0 0.2548148148148148 0.06296296296296296 0.014814814814814815 0.014814814814814815
0 0.2659259259259259 0.09814814814814815 0.028148148148148148 0.02962962962962963
0 0.2896296296296296 0.13796296296296295 0.016296296296296295 0.03148148148148148
0 0.25851851851851854 0.1527777777777778 0.01037037037037037 0.020370370370370372
0 0.2740740740740741 0.1527777777777778 0.014814814814814815 0.03148148148148148
0 0.29259259259259257 0.2833333333333333 0.01037037037037037 0.014814814814814815
0 0.2 0.025 0.014814814814814815 0.027777777777777776
0 0.26222222222222225 0.4305555555555556 0.008888888888888889 0.012962962962962963
5 0.96 0.4861111111111111 0.011851851851851851 0.024074074074074074
5 0.7718518518518519 0.23055555555555557 0.02962962962962963 0.03148148148148148
5 0.7511111111111111 0.18055555555555555 0.017777777777777778 0.024074074074074074
5 0.8333333333333334 0.016666666666666666 0.037037037037037035 0.03333333333333333
5 0.6422222222222222 0.03981481481481482 0.028148148148148148 0.04259259259259259
5 0.6525925925925926 0.08148148148148149 0.028148148148148148 0.014814814814814815
5 0.6496296296296297 0.10555555555555556 0.034074074074074076 0.022222222222222223
5 0.6333333333333333 0.14814814814814814 0.01925925925925926 0.018518518518518517
5 0.49407407407407405 0.041666666666666664 0.028148148148148148 0.03518518518518519
5 0.2325925925925926 0.022222222222222223 0.035555555555555556 0.025925925925925925
0 0.22 0.025 0.01037037037037037 0.016666666666666666
