4 0.2562962962962963 0.337037037037037 0.10666666666666667 0.18518518518518517
5 0.3237037037037037 0.3 0.028148148148148148 0.025925925925925925
5 0.3214814814814815 0.3333333333333333 0.02666666666666667 0.025925925925925925
0 0.4962962962962963 0.4648148148148148 0.05037037037037037 0.04814814814814815
0 0.4562962962962963 0.5583333333333333 0.05925925925925926 0.09814814814814815
0 0.23407407407407407 0.07777777777777778 0.011851851851851851 0.022222222222222223
0 0.2051851851851852 0.013888888888888888 0.013333333333333334 0.016666666666666666
0 0.23851851851851852 0.007407407407407408 0.03851851851851852 0.011111111111111112
0 0.14592592592592593 0.12407407407407407 0.016296296296296295 0.044444444444444446
0 0.15481481481481482 0.20462962962962963 0.01925925925925926 0.08333333333333333
0 0.14 0.31851851851851853 0.013333333333333334 0.022222222222222223
0 0.1385185185185185 0.3398148148148148 0.016296296296296295 0.024074074074074074
0 0.16518518518518518 0.3731481481481482 0.01037037037037037 0.012962962962962963
