4 0.4585185185185185 0.337037037037037 0.1288888888888889 0.16666666666666666
1 0.14962962962962964 0.8 0.2962962962962963 0.3888888888888889
0 0.6918518518518518 0.3972222222222222 0.014814814814814815 0.016666666666666666
0 0.6792592592592592 0.45925925925925926 0.01925925925925926 0.037037037037037035
0 0.674074074074074 0.49907407407407406 0.03851851851851852 0.027777777777777776
0 0.7355555555555555 0.47314814814814815 0.03111111111111111 0.06481481481481481
0 0.7340740740740741 0.5555555555555556 0.025185185185185185 0.022222222222222223
0 0.7140740740740741 0.5814814814814815 0.047407407407407405 0.08518518518518518
0 0.6370370370370371 0.549074074074074 0.023703703703703703 0.03888888888888889
0 0.62 0.5787037037037037 0.03111111111111111 0.03518518518518519
0 0.6370370370370371 0.6 0.017777777777777778 0.025925925925925925
0 0.6533333333333333 0.6694444444444444 0.02074074074074074 0.03148148148148148
0 0.6792592592592592 0.6518518518518519 0.034074074074074076 0.025925925925925925
0 0.6548148148148148 0.7046296296296296 0.047407407407407405 0.03518518518518519
0 0.5888888888888889 0.6555555555555556 0.016296296296296295 0.03333333333333333
0 0.5296296296296297 0.7203703703703703 0.01925925925925926 0.018518518518518517
0 0.4866666666666667 0.7305555555555555 0.022222222222222223 0.020370370370370372
0 0.5555555555555556 0.32314814814814813 0.023703703703703703 0.012962962962962963
0 0.5511111111111111 0.3490740740740741 0.017777777777777778 0.027777777777777776
0 0.5792592592592593 0.42592592592592593 0.017777777777777778 0.02962962962962963
0 0.3496296296296296 0.31666666666666665 0.04148148148148148 0.040740740740740744
0 0.44962962962962966 0.21296296296296297 0.022222222222222223 0.025925925925925925
0 0.43925925925925924 0.075 0.022222222222222223 0.024074074074074074
0 0.35185185185185186 0.16666666666666666 0.016296296296296295 0.018518518518518517
0 0.36592592592592593 0.18518518518518517 0.02962962962962963 0.014814814814814815
0 0.34814814814814815 0.20185185185185187 0.023703703703703703 0.02962962962962963
0 0.3474074074074074 0.22685185185185186 0.01925925925925926 0.016666666666666666
0 0.38 0.2351851851851852 0.01925925925925926 0.022222222222222223
0 0.362962962962963 0.2611111111111111 0.04148148148148148 0.022222222222222223
0 0.5533333333333333 0.6833333333333333 0.034074074074074076 0.037037037037037035
0 0.4162962962962963 0.8870370370370371 0.035555555555555556 0.02962962962962963
0 0.4140740740740741 0.6268518518518519 0.01925925925925926 0.016666666666666666
0 0.35555555555555557 0.3675925925925926 0.014814814814814815 0.016666666666666666
0 0.4177777777777778 0.22870370370370371 0.02074074074074074 0.024074074074074074
0 0.6177777777777778 0.687037037037037 0.011851851851851851 0.014814814814814815
0 0.42074074074074075 0.9166666666666666 0.017777777777777778 0.014814814814814815
