6 0.23185185185185186 0.7527777777777778 0.46074074074074073 0.48333333333333334
2 0.9874074074074074 0.9666666666666667 0.01925925925925926 0.022222222222222223
1 0.06444444444444444 0.47685185185185186 0.1288888888888889 0.8351851851851851
1 0.14888888888888888 0.8092592592592592 0.2948148148148148 0.37407407407407406
0 0.1837037037037037 0.2462962962962963 0.017777777777777778 0.025925925925925925
0 0.21333333333333335 0.2537037037037037 0.017777777777777778 0.02962962962962963
0 0.18296296296296297 0.36018518518518516 0.028148148148148148 0.03148148148148148
0 0.15703703703703703 0.3537037037037037 0.017777777777777778 0.018518518518518517
0 0.12814814814814815 0.04814814814814815 0.022222222222222223 0.05555555555555555
0 0.14074074074074075 0.14537037037037037 0.02074074074074074 0.027777777777777776
0 0.22666666666666666 0.5425925925925926 0.017777777777777778 0.018518518518518517
0 0.5985185185185186 0.6833333333333333 0.014814814814814815 0.02962962962962963
0 0.7429629629629629 0.30462962962962964 0.01925925925925926 0.020370370370370372
0 0.6666666666666666 0.3574074074074074 0.017777777777777778 0.014814814814814815
0 0.577037037037037 0.2351851851851852 0.016296296296296295 0.018518518518518517
0 0.7096296296296296 0.11481481481481481 0.02074074074074074 0.025925925925925925
0 0.6125925925925926 0.017592592592592594 0.016296296296296295 0.020370370370370372
0 0.4059259259259259 0.10277777777777777 0.023703703703703703 0.03518518518518519
0 0.37037037037037035 0.03333333333333333 0.011851851851851851 0.014814814814814815
0 0.3548148148148148 0.017592592592592594 0.01037037037037037 0.016666666666666666
0 0.6222222222222222 0.06944444444444445 0.011851851851851851 0.016666666666666666
0 0.8274074074074074 0.007407407407407408 0.01037037037037037 0.014814814814814815
0 0.2748148148148148 0.9407407407407408 0.01925925925925926 0.05555555555555555
0 0.29555555555555557 0.8555555555555555 0.01037037037037037 0.044444444444444446
5 0.66 0.7925925925925926 0.03111111111111111 0.037037037037037035
5 0.3940740740740741 0.09074074074074075 0.06222222222222222 0.07777777777777778
5 0.42148148148148146 0.14444444444444443 0.034074074074074076 0.037037037037037035
5 0.36 0.030555555555555555 0.056296296296296296 0.05740740740740741
4 0.8925925925925926 0.5 0.20592592592592593 0.9925925925925926
3 0.16 0.30833333333333335 0.31703703703703706 0.6129629629629629
