4 0.6674074074074074 0.525 0.1111111111111111 0.1574074074074074
1 0.1111111111111111 0.5388888888888889 0.2222222222222222 0.9074074074074074
5 0.31703703703703706 0.20462962962962963 0.02666666666666667 0.04259259259259259
5 0.2733333333333333 0.49444444444444446 0.016296296296296295 0.022222222222222223
5 0.30592592592592593 0.28425925925925927 0.013333333333333334 0.020370370370370372
5 0.24888888888888888 0.024074074074074074 0.07407407407407407 0.03333333333333333
5 0.2822222222222222 0.10277777777777777 0.06666666666666667 0.10925925925925926
5 0.20296296296296296 0.06574074074074074 0.017777777777777778 0.020370370370370372
5 0.41185185185185186 0.06944444444444445 0.02074074074074074 0.024074074074074074
5 0.4451851851851852 0.025 0.022222222222222223 0.024074074074074074
5 0.9288888888888889 0.11203703703703703 0.017777777777777778 0.020370370370370372
5 0.9355555555555556 0.1425925925925926 0.016296296296296295 0.022222222222222223
5 0.725925925925926 0.07685185185185185 0.017777777777777778 0.020370370370370372
5 0.7622222222222222 0.07222222222222222 0.03111111111111111 0.03333333333333333
5 0.7407407407407407 0.05277777777777778 0.014814814814814815 0.016666666666666666
5 0.8962962962962963 0.08333333333333333 0.017777777777777778 0.025925925925925925
5 0.9111111111111111 0.11018518518518519 0.011851851851851851 0.016666666666666666
5 0.9185185185185185 0.1685185185185185 0.014814814814814815 0.018518518518518517
5 0.9096296296296297 0.19166666666666668 0.017777777777777778 0.020370370370370372
5 0.9896296296296296 0.21851851851851853 0.014814814814814815 0.025925925925925925
5 0.6748148148148149 0.9351851851851852 0.025185185185185185 0.022222222222222223
5 0.5814814814814815 0.9342592592592592 0.025185185185185185 0.024074074074074074
5 0.5237037037037037 0.9314814814814815 0.01925925925925926 0.02962962962962963
5 0.6659259259259259 0.9824074074074074 0.022222222222222223 0.024074074074074074
5 0.6325925925925926 0.9824074074074074 0.017777777777777778 0.016666666666666666
5 0.6066666666666667 0.9027777777777778 0.03111111111111111 0.03518518518518519
0 0.7103703703703703 0.032407407407407406 0.025185185185185185 0.020370370370370372
0 0.677037037037037 0.05925925925925926 0.011851851851851851 0.018518518518518517
0 0.6644444444444444 0.14537037037037037 0.022222222222222223 0.012962962962962963
0 0.7133333333333334 0.13796296296296295 0.06074074074074074 0.020370370370370372
0 0.6918518518518518 0.28888888888888886 0.014814814814814815 0.018518518518518517
0 0.7155555555555555 0.2833333333333333 0.02962962962962963 0.025925925925925925
0 0.74 0.28888888888888886 0.025185185185185185 0.025925925925925925
0 0.6733333333333333 0.3925925925925926 0.034074074074074076 0.040740740740740744
0 0.7688888888888888 0.41203703703703703 0.05037037037037037 0.05
0 0.8348148148148148 0.55 0.013333333333333334 0.022222222222222223
0 0.8081481481481482 0.5314814814814814 0.013333333333333334 0.018518518518518517
0 0.8511111111111112 0.5416666666666666 0.013333333333333334 0.027777777777777776
0 0.8725925925925926 0.5268518518518519 0.011851851851851851 0.012962962962962963
0 0.7659259259259259 0.6814814814814815 0.014814814814814815 0.018518518518518517
0 0.6711111111111111 0.7092592592592593 0.05037037037037037 0.06296296296296296
0 0.6377777777777778 0.7518518518518519 0.013333333333333334 0.018518518518518517
0 0.6548148148148148 0.7472222222222222 0.011851851851851851 0.012962962962962963
0 0.6637037037037037 0.7685185185185185 0.02074074074074074 0.025925925925925925
0 0.6622222222222223 0.7842592592592592 0.008888888888888889 0.012962962962962963
0 0.7948148148148149 0.6231481481481481 0.037037037037037035 0.06481481481481481
0 0.8185185185185185 0.649074074074074 0.013333333333333334 0.016666666666666666
0 0.8059259259259259 0.6620370370370371 0.011851851851851851 0.012962962962962963
0 0.8185185185185185 0.6675925925925926 0.013333333333333334 0.020370370370370372
0 0.8348148148148148 0.6555555555555556 0.013333333333333334 0.018518518518518517
0 0.8251851851851851 0.5824074074074074 0.02666666666666667 0.016666666666666666
0 0.8325925925925926 0.6101851851851852 0.017777777777777778 0.04259259259259259
0 0.7162962962962963 0.7388888888888889 0.025185185185185185 0.025925925925925925
0 0.7066666666666667 0.7175925925925926 0.014814814814814815 0.012962962962962963
0 0.717037037037037 0.6944444444444444 0.008888888888888889 0.018518518518518517
0 0.7525925925925926 0.5324074074074074 0.008888888888888889 0.009259259259259259
0 0.7659259259259259 0.5287037037037037 0.005925925925925926 0.012962962962962963
0 0.7511111111111111 0.5555555555555556 0.008888888888888889 0.014814814814814815
0 0.8659259259259259 0.6925925925925925 0.025185185185185185 0.044444444444444446
0 0.8511111111111112 0.7203703703703703 0.01037037037037037 0.014814814814814815
0 0.845925925925926 0.7462962962962963 0.011851851851851851 0.018518518518518517
0 0.8192592592592592 0.7916666666666666 0.044444444444444446 0.06111111111111111
0 0.7637037037037037 0.825 0.0637037037037037 0.03148148148148148
0 0.6911111111111111 0.8111111111111111 0.04 0.02962962962962963
5 0.5637037037037037 0.912962962962963 0.028148148148148148 0.03333333333333333
5 0.6503703703703704 0.9453703703703704 0.02074074074074074 0.027777777777777776
5 0.9125925925925926 0.21388888888888888 0.023703703703703703 0.027777777777777776
5 0.8096296296296296 0.020370370370370372 0.016296296296296295 0.022222222222222223
5 0.697037037037037 0.6324074074074074 0.01925925925925926 0.027777777777777776
5 0.6785185185185185 0.662962962962963 0.02666666666666667 0.022222222222222223
0 0.7111111111111111 0.8027777777777778 0.011851851851851851 0.016666666666666666
5 0.6407407407407407 0.1361111111111111 0.022222222222222223 0.027777777777777776
