4 0.3451851851851852 0.3296296296296296 0.11555555555555555 0.17777777777777778
0 0.4274074074074074 0.3 0.016296296296296295 0.014814814814814815
0 0.42814814814814817 0.33055555555555555 0.017777777777777778 0.016666666666666666
0 0.31703703703703706 0.06759259259259259 0.014814814814814815 0.016666666666666666
0 0.22296296296296297 0.11388888888888889 0.013333333333333334 0.009259259259259259
0 0.24222222222222223 0.16296296296296298 0.03111111111111111 0.022222222222222223
0 0.26222222222222225 0.1787037037037037 0.011851851851851851 0.012962962962962963
0 0.2311111111111111 0.19537037037037036 0.017777777777777778 0.027777777777777776
0 0.22814814814814816 0.22407407407407406 0.014814814814814815 0.018518518518518517
0 0.22148148148148147 0.31296296296296294 0.01925925925925926 0.040740740740740744
0 0.25555555555555554 0.31203703703703706 0.013333333333333334 0.009259259259259259
0 0.6007407407407407 0.39814814814814814 0.016296296296296295 0.018518518518518517
0 0.6081481481481481 0.4185185185185185 0.016296296296296295 0.014814814814814815
0 0.6192592592592593 0.45740740740740743 0.017777777777777778 0.037037037037037035
0 0.5674074074074074 0.4388888888888889 0.011851851851851851 0.018518518518518517
0 0.5614814814814815 0.4740740740740741 0.044444444444444446 0.037037037037037035
0 0.5948148148148148 0.4935185185185185 0.022222222222222223 0.03518518518518519
0 0.5962962962962963 0.549074074074074 0.06074074074074074 0.07592592592592592
0 0.585925925925926 0.5916666666666667 0.013333333333333334 0.020370370370370372
0 0.5614814814814815 0.6185185185185185 0.05333333333333334 0.040740740740740744
0 0.5385185185185185 0.5398148148148149 0.04 0.04259259259259259
0 0.5237037037037037 0.5703703703703704 0.03111111111111111 0.025925925925925925
5 0.8044444444444444 0.03611111111111111 0.02074074074074074 0.03518518518518519
