1 0.04962962962962963 0.4740740740740741 0.0962962962962963 0.6185185185185185
1 0.14 0.6194444444444445 0.07851851851851852 0.19814814814814816
2 0.9859259259259259 0.9648148148148148 0.01925925925925926 0.022222222222222223
0 0.9214814814814815 0.17592592592592593 0.02666666666666667 0.037037037037037035
0 0.9059259259259259 0.2064814814814815 0.03111111111111111 0.04259259259259259
0 0.8318518518518518 0.16666666666666666 0.01925925925925926 0.02962962962962963
0 0.5881481481481482 0.024074074074074074 0.02666666666666667 0.044444444444444446
0 0.5711111111111111 0.10185185185185185 0.025185185185185185 0.1
0 0.6666666666666666 0.37407407407407406 0.02962962962962963 0.05555555555555555
0 0.7162962962962963 0.5657407407407408 0.025185185185185185 0.046296296296296294
0 0.5925925925925926 0.4074074074074074 0.014814814814814815 0.044444444444444446
0 0.5681481481481482 0.34444444444444444 0.022222222222222223 0.05185185185185185
0 0.86 0.8037037037037037 0.01037037037037037 0.025925925925925925
0 0.33925925925925926 0.45740740740740743 0.02666666666666667 0.05925925925925926
0 0.2896296296296296 0.3861111111111111 0.016296296296296295 0.053703703703703705
0 0.3333333333333333 0.15925925925925927 0.017777777777777778 0.04814814814814815
0 0.3474074074074074 0.21203703703703702 0.01037037037037037 0.04259259259259259
0 0.14444444444444443 0.017592592592592594 0.016296296296296295 0.03518518518518519
0 0.1 0.10277777777777777 0.022222222222222223 0.06111111111111111
0 0.20296296296296296 0.17314814814814813 0.03259259259259259 0.09074074074074075
0 0.21185185185185185 0.28888888888888886 0.047407407407407405 0.12222222222222222
0 0.24814814814814815 0.3333333333333333 0.01925925925925926 0.05185185185185185
0 0.2674074074074074 0.3638888888888889 0.016296296296296295 0.06481481481481481
0 0.17703703703703705 0.812037037037037 0.03111111111111111 0.10925925925925926
0 0.1511111111111111 0.8324074074074074 0.03851851851851852 0.11296296296296296
0 0.17333333333333334 0.9203703703703704 0.023703703703703703 0.05185185185185185
0 0.018518518518518517 0.6851851851851852 0.03111111111111111 0.1
0 0.07037037037037037 0.8027777777777778 0.05185185185185185 0.09074074074074075
0 0.14074074074074075 0.9046296296296297 0.047407407407407405 0.10555555555555556
0 0.5525925925925926 0.28425925925925927 0.011851851851851851 0.03518518518518519
0 0.21333333333333335 0.987037037037037 0.02074074074074074 0.018518518518518517
0 0.5622222222222222 0.4648148148148148 0.013333333333333334 0.025925925925925925
4 0.9718518518518519 0.5472222222222223 0.047407407407407405 0.687037037037037
3 0.4985185185185185 0.4981481481481482 0.9940740740740741 0.9925925925925926
