4 0.6666666666666666 0.5333333333333333 0.10666666666666667 0.15185185185185185
1 0.12074074074074075 0.5527777777777778 0.2414814814814815 0.8833333333333333
5 0.2814814814814815 0.5175925925925926 0.017777777777777778 0.024074074074074074
5 0.3074074074074074 0.30833333333333335 0.01925925925925926 0.024074074074074074
5 0.31777777777777777 0.225 0.01925925925925926 0.024074074074074074
5 0.4074074074074074 0.08796296296296297 0.017777777777777778 0.020370370370370372
5 0.43925925925925924 0.03888888888888889 0.01925925925925926 0.018518518518518517
5 0.2822222222222222 0.12129629629629629 0.06666666666666667 0.09814814814814815
5 0.25407407407407406 0.03611111111111111 0.0874074074074074 0.06851851851851852
5 0.9192592592592592 0.12037037037037036 0.01925925925925926 0.022222222222222223
5 0.9274074074074075 0.1527777777777778 0.017777777777777778 0.020370370370370372
5 0.7437037037037038 0.5388888888888889 0.023703703703703703 0.022222222222222223
5 0.7540740740740741 0.08703703703703704 0.03259259259259259 0.037037037037037035
0 0.6881481481481482 0.30185185185185187 0.016296296296296295 0.018518518518518517
0 0.7244444444444444 0.2972222222222222 0.05037037037037037 0.027777777777777776
0 0.6703703703703704 0.40185185185185185 0.03111111111111111 0.040740740740740744
0 0.7651851851851852 0.41759259259259257 0.04888888888888889 0.046296296296296294
0 0.8096296296296296 0.5370370370370371 0.022222222222222223 0.014814814814814815
0 0.8377777777777777 0.5509259259259259 0.028148148148148148 0.03148148148148148
0 0.7637037037037037 0.537962962962963 0.013333333333333334 0.020370370370370372
0 0.7474074074074074 0.5592592592592592 0.01037037037037037 0.014814814814814815
0 0.8088888888888889 0.6351851851851852 0.06814814814814815 0.1
0 0.7622222222222222 0.6777777777777778 0.034074074074074076 0.03333333333333333
0 0.8629629629629629 0.6962962962962963 0.03111111111111111 0.04814814814814815
0 0.6659259259259259 0.7342592592592593 0.057777777777777775 0.12037037037037036
0 0.7148148148148148 0.7416666666666667 0.037037037037037035 0.06481481481481481
0 0.7177777777777777 0.7 0.01925925925925926 0.022222222222222223
0 0.6888888888888889 0.8083333333333333 0.047407407407407405 0.03518518518518519
0 0.8444444444444444 0.7388888888888889 0.02074074074074074 0.037037037037037035
0 0.8222222222222222 0.7861111111111111 0.044444444444444446 0.05
0 0.7666666666666667 0.8175925925925925 0.09333333333333334 0.04259259259259259
0 0.7155555555555555 0.08703703703703704 0.017777777777777778 0.03333333333333333
0 0.7044444444444444 0.04537037037037037 0.025185185185185185 0.024074074074074074
0 0.7125925925925926 0.14722222222222223 0.05925925925925926 0.020370370370370372
0 0.6637037037037037 0.16018518518518518 0.02074074074074074 0.020370370370370372
0 0.582962962962963 0.6018518518518519 0.01037037037037037 0.011111111111111112
0 0.5888888888888889 0.6222222222222222 0.013333333333333334 0.011111111111111112
0 0.6022222222222222 0.9055555555555556 0.01925925925925926 0.018518518518518517
5 0.5844444444444444 0.937962962962963 0.025185185185185185 0.027777777777777776
5 0.5659259259259259 0.9453703703703704 0.02074074074074074 0.024074074074074074
5 0.6644444444444444 0.9814814814814815 0.022222222222222223 0.022222222222222223
5 0.7459259259259259 0.011111111111111112 0.025185185185185185 0.022222222222222223
