4 0.43037037037037035 0.30185185185185187 0.07851851851851852 0.11851851851851852
1 0.1637037037037037 0.7583333333333333 0.3244444444444444 0.4759259259259259
1 0.49925925925925924 0.8759259259259259 0.3437037037037037 0.24074074074074073
0 0.5548148148148148 0.42777777777777776 0.016296296296296295 0.014814814814814815
0 0.3874074074074074 0.04722222222222222 0.013333333333333334 0.024074074074074074
0 0.3637037037037037 0.05555555555555555 0.01925925925925926 0.014814814814814815
0 0.37703703703703706 0.009259259259259259 0.022222222222222223 0.018518518518518517
0 0.3940740740740741 0.1574074074074074 0.011851851851851851 0.014814814814814815
0 0.36444444444444446 0.3037037037037037 0.023703703703703703 0.025925925925925925
5 0.36592592592592593 0.33240740740740743 0.017777777777777778 0.020370370370370372
5 0.5 0.36203703703703705 0.01925925925925926 0.020370370370370372
0 0.48518518518518516 0.2972222222222222 0.013333333333333334 0.012962962962962963
5 0.8444444444444444 0.14629629629629629 0.02666666666666667 0.03333333333333333
5 0.8303703703703704 0.10462962962962963 0.022222222222222223 0.027777777777777776
5 0.7985185185185185 0.1111111111111111 0.023703703703703703 0.014814814814814815
5 0.802962962962963 0.14629629629629629 0.017777777777777778 0.018518518518518517
