1 0.1385185185185185 0.5296296296296297 0.2740740740740741 0.9222222222222223
2 0.9851851851851852 0.9657407407407408 0.02074074074074074 0.024074074074074074
0 0.31407407407407406 0.6453703703703704 0.03259259259259259 0.06851851851851852
0 0.6651851851851852 0.07037037037037037 0.035555555555555556 0.044444444444444446
0 0.6977777777777778 0.16944444444444445 0.04148148148148148 0.03148148148148148
0 0.702962962962963 0.26851851851851855 0.022222222222222223 0.022222222222222223
0 0.3474074074074074 0.053703703703703705 0.01925925925925926 0.06296296296296296
0 0.3962962962962963 0.024074074074074074 0.025185185185185185 0.040740740740740744
0 0.14 0.13333333333333333 0.045925925925925926 0.06666666666666667
0 0.13111111111111112 0.9018518518518519 0.054814814814814816 0.0962962962962963
0 0.18518518518518517 0.9657407407407408 0.02666666666666667 0.06111111111111111
0 0.0837037037037037 0.8268518518518518 0.013333333333333334 0.05740740740740741
0 0.10222222222222223 0.9398148148148148 0.02666666666666667 0.03888888888888889
4 0.9651851851851851 0.5027777777777778 0.06074074074074074 0.7870370370370371
3 0.45185185185185184 0.4981481481481482 0.9007407407407407 0.9925925925925926
