4 0.6533333333333333 0.4648148148148148 0.11259259259259259 0.15185185185185185
1 0.08222222222222222 0.5101851851851852 0.16444444444444445 0.975925925925926
1 0.16444444444444445 0.8379629629629629 0.0 0.31666666666666665
1 0.29555555555555557 0.8157407407407408 0.2651851851851852 0.3611111111111111
1 0.21703703703703703 0.5222222222222223 0.10222222222222223 0.22592592592592592
5 0.26814814814814814 0.1648148148148148 0.017777777777777778 0.022222222222222223
5 0.2088888888888889 0.35833333333333334 0.023703703703703703 0.024074074074074074
5 0.2851851851851852 0.09074074074074075 0.03111111111111111 0.02962962962962963
5 0.2607407407407407 0.037037037037037035 0.014814814814814815 0.022222222222222223
5 0.7570370370370371 0.01574074074074074 0.02962962962962963 0.020370370370370372
5 0.5837037037037037 0.3888888888888889 0.023703703703703703 0.025925925925925925
0 0.6592592592592592 0.33240740740740743 0.02962962962962963 0.03888888888888889
0 0.7088888888888889 0.07222222222222222 0.06962962962962962 0.025925925925925925
0 0.6555555555555556 0.08055555555555556 0.01925925925925926 0.016666666666666666
0 0.68 0.2222222222222222 0.017777777777777778 0.022222222222222223
0 0.7207407407407408 0.21944444444444444 0.05185185185185185 0.04259259259259259
0 0.7614814814814815 0.3453703703703704 0.05037037037037037 0.05
0 0.8074074074074075 0.47314814814814815 0.023703703703703703 0.016666666666666666
0 0.8311111111111111 0.5018518518518519 0.011851851851851851 0.014814814814814815
0 0.8622222222222222 0.4824074074074074 0.03259259259259259 0.024074074074074074
0 0.8592592592592593 0.5018518518518519 0.011851851851851851 0.014814814814814815
0 0.74 0.49444444444444446 0.013333333333333334 0.014814814814814815
0 0.7555555555555555 0.46944444444444444 0.011851851851851851 0.012962962962962963
0 0.7422222222222222 0.47314814814814815 0.008888888888888889 0.012962962962962963
0 0.7911111111111111 0.5416666666666666 0.017777777777777778 0.020370370370370372
0 0.7859259259259259 0.5814814814814815 0.03111111111111111 0.040740740740740744
0 0.8281481481481482 0.5675925925925925 0.02666666666666667 0.07222222222222222
0 0.8103703703703704 0.5509259259259259 0.014814814814814815 0.024074074074074074
0 0.8074074074074075 0.575 0.011851851851851851 0.020370370370370372
0 0.8125925925925926 0.6185185185185185 0.013333333333333334 0.018518518518518517
0 0.7592592592592593 0.6555555555555556 0.01925925925925926 0.03333333333333333
0 0.8703703703703703 0.6388888888888888 0.016296296296296295 0.05555555555555555
0 0.8511111111111112 0.6935185185185185 0.028148148148148148 0.046296296296296294
0 0.8214814814814815 0.7518518518518519 0.028148148148148148 0.05555555555555555
0 0.6437037037037037 0.674074074074074 0.054814814814814816 0.1
0 0.6703703703703704 0.7537037037037037 0.07555555555555556 0.05555555555555555
0 0.7548148148148148 0.7851851851851852 0.09925925925925926 0.040740740740740744
0 0.7081481481481482 0.7046296296296296 0.04148148148148148 0.04259259259259259
0 0.7044444444444444 0.6416666666666667 0.013333333333333334 0.016666666666666666
0 0.5392592592592592 0.8740740740740741 0.017777777777777778 0.022222222222222223
0 0.6362962962962962 0.9629629629629629 0.01037037037037037 0.014814814814814815
0 0.6533333333333333 0.9592592592592593 0.014814814814814815 0.011111111111111112
5 0.5740740740740741 0.9138888888888889 0.025185185185185185 0.027777777777777776
5 0.6318518518518519 0.9305555555555556 0.016296296296296295 0.020370370370370372
5 0.6281481481481481 0.962037037037037 0.02666666666666667 0.027777777777777776
5 0.6474074074074074 0.9305555555555556 0.014814814814814815 0.03148148148148148
5 0.5792592592592593 0.8833333333333333 0.017777777777777778 0.022222222222222223
5 0.9051851851851852 0.14537037037037037 0.02074074074074074 0.046296296296296294
5 0.9155555555555556 0.1111111111111111 0.02074074074074074 0.018518518518518517
