4 0.3725925925925926 0.45925925925925926 0.08148148148148149 0.12962962962962962
1 0.9074074074074074 0.8324074074074074 0.1111111111111111 0.17962962962962964
5 0.7066666666666667 0.05 0.035555555555555556 0.08518518518518518
5 0.7148148148148148 0.1425925925925926 0.05185185185185185 0.09259259259259259
0 0.33111111111111113 0.29907407407407405 0.01925925925925926 0.027777777777777776
0 0.30518518518518517 0.3509259259259259 0.03851851851851852 0.024074074074074074
0 0.27925925925925926 0.07777777777777778 0.022222222222222223 0.022222222222222223
0 0.2992592592592593 0.10462962962962963 0.047407407407407405 0.05
0 0.30444444444444446 0.16296296296296298 0.045925925925925926 0.05555555555555555
0 0.22074074074074074 0.040740740740740744 0.017777777777777778 0.022222222222222223
0 0.24074074074074073 0.03425925925925926 0.016296296296296295 0.020370370370370372
0 0.42814814814814817 0.4601851851851852 0.017777777777777778 0.020370370370370372
0 0.2985185185185185 0.46111111111111114 0.03111111111111111 0.02962962962962963
0 0.3414814814814815 0.37222222222222223 0.016296296296296295 0.018518518518518517
0 0.5059259259259259 0.6111111111111112 0.025185185185185185 0.037037037037037035
