0 0.27925925925925926 0.011111111111111112 0.04 0.022222222222222223
0 0.31555555555555553 0.021296296296296296 0.02074074074074074 0.020370370370370372
0 0.674074074074074 0.05740740740740741 0.06222222222222222 0.08148148148148149
0 0.38 0.12222222222222222 0.04 0.044444444444444446
0 0.28888888888888886 0.05462962962962963 0.17777777777777778 0.06481481481481481
0 0.09111111111111111 0.4583333333333333 0.0962962962962963 0.12407407407407407
0 0.03333333333333333 0.5472222222222223 0.03111111111111111 0.03518518518518519
0 0.17407407407407408 0.5175925925925926 0.04 0.03148148148148148
0 0.3333333333333333 0.6370370370370371 0.035555555555555556 0.10740740740740741
0 0.09703703703703703 0.6268518518518519 0.13777777777777778 0.10555555555555556
0 0.005185185185185185 0.6537037037037037 0.01037037037037037 0.07777777777777778
0 0.03333333333333333 0.7361111111111112 0.037037037037037035 0.08333333333333333
0 0.08 0.8166666666666667 0.07111111111111111 0.16666666666666666
0 0.43555555555555553 0.6722222222222223 0.056296296296296296 0.07777777777777778
0 0.44074074074074077 0.7833333333333333 0.03111111111111111 0.11481481481481481
1 0.29333333333333333 0.7111111111111111 0.3022222222222222 0.5703703703703704
0 0.12962962962962962 0.7925925925925926 0.028148148148148148 0.17037037037037037
2 0.9859259259259259 0.9666666666666667 0.022222222222222223 0.022222222222222223
0 0.1162962962962963 0.03796296296296296 0.028148148148148148 0.016666666666666666
0 0.5733333333333334 0.2833333333333333 0.017777777777777778 0.02962962962962963
4 0.9814814814814815 0.5370370370370371 0.028148148148148148 0.7074074074074074
4 0.9533333333333334 0.7509259259259259 0.08148148148148149 0.29814814814814816
3 0.4985185185185185 0.4981481481481482 0.9940740740740741 0.9925925925925926
