4 0.3333333333333333 0.4305555555555556 0.07407407407407407 0.12777777777777777
1 0.8348148148148148 0.8083333333333333 0.3125925925925926 0.37962962962962965
5 0.7474074074074074 0.17685185185185184 0.022222222222222223 0.024074074074074074
5 0.7696296296296297 0.23148148148148148 0.025185185185185185 0.03333333333333333
5 0.7607407407407407 0.2 0.016296296296296295 0.018518518518518517
5 0.9688888888888889 0.5046296296296297 0.023703703703703703 0.03148148148148148
5 0.6437037037037037 0.09166666666666666 0.04888888888888889 0.15
5 0.4911111111111111 0.03518518518518519 0.05185185185185185 0.05555555555555555
5 0.5562962962962963 0.02962962962962963 0.04296296296296296 0.044444444444444446
5 0.2866666666666667 0.10092592592592593 0.016296296296296295 0.020370370370370372
5 0.7703703703703704 0.7416666666666667 0.017777777777777778 0.024074074074074074
5 0.38222222222222224 0.42962962962962964 0.017777777777777778 0.022222222222222223
0 0.2674074074074074 0.15185185185185185 0.04888888888888889 0.044444444444444446
0 0.28814814814814815 0.28888888888888886 0.01925925925925926 0.025925925925925925
0 0.19333333333333333 0.02962962962962963 0.013333333333333334 0.014814814814814815
5 0.2644444444444444 0.4388888888888889 0.037037037037037035 0.05555555555555555
5 0.23407407407407407 0.022222222222222223 0.05037037037037037 0.03333333333333333
5 0.277037037037037 0.011111111111111112 0.023703703703703703 0.022222222222222223
5 0.26222222222222225 0.08703703703703704 0.035555555555555556 0.022222222222222223
5 0.2733333333333333 0.32222222222222224 0.022222222222222223 0.02962962962962963
5 0.29259259259259257 0.3509259259259259 0.022222222222222223 0.027777777777777776
0 0.26296296296296295 0.10648148148148148 0.025185185185185185 0.03148148148148148
