4 0.6222222222222222 0.5583333333333333 0.1037037037037037 0.1425925925925926
1 0.1037037037037037 0.5861111111111111 0.2074074074074074 0.7870370370370371
5 0.06814814814814815 0.2712962962962963 0.017777777777777778 0.024074074074074074
5 0.05555555555555555 0.3194444444444444 0.037037037037037035 0.06111111111111111
5 0.2222222222222222 0.058333333333333334 0.05037037037037037 0.08703703703703704
5 0.18962962962962962 0.13055555555555556 0.047407407407407405 0.06481481481481481
5 0.20592592592592593 0.18518518518518517 0.03851851851851852 0.025925925925925925
5 0.23185185185185186 0.15462962962962962 0.028148148148148148 0.024074074074074074
5 0.24814814814814815 0.22777777777777777 0.045925925925925926 0.1037037037037037
5 0.2822222222222222 0.3194444444444444 0.022222222222222223 0.027777777777777776
5 0.2762962962962963 0.3907407407407407 0.01925925925925926 0.018518518518518517
5 0.27037037037037037 0.5694444444444444 0.016296296296296295 0.016666666666666666
5 0.3622222222222222 0.17222222222222222 0.01925925925925926 0.018518518518518517
5 0.39037037037037037 0.11203703703703703 0.01925925925925926 0.020370370370370372
5 0.4237037037037037 0.23333333333333334 0.017777777777777778 0.018518518518518517
5 0.6962962962962963 0.5666666666666667 0.03259259259259259 0.044444444444444446
5 0.6911111111111111 0.1287037037037037 0.028148148148148148 0.03148148148148148
5 0.8407407407407408 0.06759259259259259 0.05185185185185185 0.06481481481481481
0 0.6014814814814815 0.18333333333333332 0.014814814814814815 0.018518518518518517
0 0.5977777777777777 0.20277777777777778 0.013333333333333334 0.016666666666666666
0 0.577037037037037 0.20185185185185187 0.013333333333333334 0.014814814814814815
0 0.6229629629629629 0.10833333333333334 0.0637037037037037 0.04259259259259259
0 0.6777777777777778 0.040740740740740744 0.013333333333333334 0.022222222222222223
0 0.8474074074074074 0.14814814814814814 0.011851851851851851 0.014814814814814815
0 0.92 0.1388888888888889 0.014814814814814815 0.018518518518518517
0 0.6207407407407407 0.34814814814814815 0.014814814814814815 0.018518518518518517
0 0.5933333333333334 0.44907407407407407 0.06666666666666667 0.05
0 0.7266666666666667 0.42407407407407405 0.01925925925925926 0.014814814814814815
0 0.774074074074074 0.5518518518518518 0.016296296296296295 0.018518518518518517
0 0.5422222222222223 0.6351851851851852 0.02666666666666667 0.025925925925925925
0 0.6266666666666667 0.7416666666666667 0.04148148148148148 0.08333333333333333
0 0.6792592592592592 0.8083333333333333 0.12296296296296297 0.07222222222222222
0 0.7681481481481481 0.7861111111111111 0.045925925925925926 0.05740740740740741
0 0.7503703703703704 0.6712962962962963 0.08148148148148149 0.12407407407407407
5 0.6696296296296296 0.7731481481481481 0.02666666666666667 0.024074074074074074
5 0.64 0.9296296296296296 0.02666666666666667 0.02962962962962963
5 0.5644444444444444 0.9333333333333333 0.02074074074074074 0.03333333333333333
5 0.6733333333333333 0.34444444444444444 0.04888888888888889 0.02962962962962963
5 0.6348148148148148 0.3416666666666667 0.013333333333333334 0.024074074074074074
5 0.6140740740740741 0.39444444444444443 0.028148148148148148 0.040740740740740744
