1 0.14296296296296296 0.8037037037037037 0.27111111111111114 0.3851851851851852
6 0.20296296296296296 0.775 0.40296296296296297 0.4462962962962963
0 0.6748148148148149 0.09722222222222222 0.028148148148148148 0.03888888888888889
0 0.2651851851851852 0.032407407407407406 0.08296296296296296 0.03518518518518519
0 0.3422222222222222 0.05277777777777778 0.05333333333333334 0.03888888888888889
0 0.3207407407407407 0.10555555555555556 0.12296296296296297 0.05555555555555555
0 0.42962962962962964 0.17037037037037037 0.023703703703703703 0.022222222222222223
0 0.17185185185185184 0.4305555555555556 0.08592592592592592 0.09444444444444444
0 0.23851851851851852 0.5416666666666666 0.15407407407407409 0.11296296296296296
0 0.025925925925925925 0.45555555555555555 0.034074074074074076 0.025925925925925925
0 0.02074074074074074 0.2064814814814815 0.04148148148148148 0.053703703703703705
0 0.02 0.5101851851851852 0.04 0.07222222222222222
0 0.027407407407407408 0.6240740740740741 0.05185185185185185 0.11851851851851852
0 0.11925925925925926 0.5712962962962963 0.025185185185185185 0.024074074074074074
0 0.12 0.5962962962962963 0.011851851851851851 0.011111111111111112
0 0.585925925925926 0.2916666666666667 0.016296296296296295 0.016666666666666666
2 0.9859259259259259 0.9648148148148148 0.022222222222222223 0.025925925925925925
3 0.44074074074074077 0.5 0.8725925925925926 0.9888888888888889
4 0.9503703703703704 0.5074074074074074 0.08148148148148149 0.8074074074074075
4 0.8777777777777778 0.9175925925925926 0.22962962962962963 0.1537037037037037
