4 0.2362962962962963 0.3388888888888889 0.09333333333333334 0.18518518518518517
5 0.18296296296296297 0.062037037037037036 0.016296296296296295 0.027777777777777776
5 0.15851851851851853 0.3333333333333333 0.02074074074074074 0.02962962962962963
5 0.29703703703703704 0.3 0.028148148148148148 0.025925925925925925
5 0.29777777777777775 0.33425925925925926 0.02666666666666667 0.027777777777777776
0 0.46814814814814815 0.46574074074074073 0.03851851851851852 0.03888888888888889
0 0.4274074074074074 0.5638888888888889 0.054814814814814816 0.09074074074074075
0 0.11851851851851852 0.3351851851851852 0.02074074074074074 0.040740740740740744
0 0.20962962962962964 0.0824074074074074 0.016296296296296295 0.020370370370370372
0 0.2 0.013888888888888888 0.08296296296296296 0.027777777777777776
0 0.11925925925925926 0.12777777777777777 0.028148148148148148 0.03333333333333333
0 0.13777777777777778 0.2074074074074074 0.02666666666666667 0.08518518518518518
