4 0.3711111111111111 0.46111111111111114 0.08444444444444445 0.1259259259259259
5 0.03333333333333333 0.21666666666666667 0.022222222222222223 0.040740740740740744
5 0.30518518518518517 0.49907407407407406 0.023703703703703703 0.03148148148148148
5 0.8303703703703704 0.21203703703703702 0.022222222222222223 0.024074074074074074
5 0.7074074074074074 0.04722222222222222 0.045925925925925926 0.08333333333333333
5 0.7148148148148148 0.1398148148148148 0.0637037037037037 0.08703703703703704
0 0.5044444444444445 0.6101851851851852 0.025185185185185185 0.03148148148148148
0 0.42518518518518517 0.4564814814814815 0.011851851851851851 0.012962962962962963
0 0.3296296296296296 0.29814814814814816 0.01925925925925926 0.025925925925925925
0 0.22962962962962963 0.03518518518518519 0.03851851851851852 0.018518518518518517
0 0.2785185185185185 0.075 0.017777777777777778 0.016666666666666666
0 0.3037037037037037 0.13240740740740742 0.05925925925925926 0.10925925925925926
0 0.3037037037037037 0.34814814814814815 0.03259259259259259 0.018518518518518517
0 0.3362962962962963 0.37037037037037035 0.02666666666666667 0.014814814814814815
0 0.30074074074074075 0.4583333333333333 0.02962962962962963 0.03148148148148148
5 0.8592592592592593 0.26666666666666666 0.02962962962962963 0.02962962962962963
1 0.8837037037037037 0.5138888888888888 0.22962962962962963 0.40555555555555556
1 0.8837037037037037 0.8537037037037037 0.22666666666666666 0.28888888888888886
1 0.11925925925925926 0.899074074074074 0.19407407407407407 0.19444444444444445
