6 0.24888888888888888 0.7361111111111112 0.4948148148148148 0.524074074074074
1 0.08148148148148149 0.37037037037037035 0.16 0.6962962962962963
1 0.15481481481481482 0.8064814814814815 0.3037037037037037 0.37222222222222223
2 0.9866666666666667 0.9657407407407408 0.02074074074074074 0.024074074074074074
0 0.8355555555555556 0.017592592592592594 0.014814814814814815 0.016666666666666666
0 0.6237037037037036 0.028703703703703703 0.014814814814814815 0.016666666666666666
0 0.6340740740740741 0.08055555555555556 0.011851851851851851 0.016666666666666666
0 0.5903703703703703 0.24537037037037038 0.01925925925925926 0.024074074074074074
0 0.7496296296296296 0.3138888888888889 0.017777777777777778 0.020370370370370372
0 0.677037037037037 0.3638888888888889 0.014814814814814815 0.016666666666666666
0 0.5444444444444444 0.41203703703703703 0.016296296296296295 0.012962962962962963
0 0.5296296296296297 0.46296296296296297 0.028148148148148148 0.05925925925925926
0 0.42444444444444446 0.1111111111111111 0.01925925925925926 0.025925925925925925
0 0.6029629629629629 0.6731481481481482 0.014814814814814815 0.03148148148148148
0 0.5666666666666667 0.6953703703703704 0.01037037037037037 0.009259259259259259
0 0.5896296296296296 0.6990740740740741 0.017777777777777778 0.012962962962962963
0 0.39037037037037037 0.04259259259259259 0.007407407407407408 0.014814814814814815
0 0.2511111111111111 0.2861111111111111 0.013333333333333334 0.024074074074074074
0 0.22074074074074074 0.2722222222222222 0.014814814814814815 0.022222222222222223
0 0.17629629629629628 0.17314814814814813 0.014814814814814815 0.027777777777777776
5 0.20962962962962964 0.05277777777777778 0.057777777777777775 0.10185185185185185
5 0.38666666666666666 0.03888888888888889 0.056296296296296296 0.07777777777777778
5 0.16148148148148148 0.36018518518518516 0.11259259259259259 0.4981481481481482
5 0.22444444444444445 0.425 0.06666666666666667 0.3537037037037037
5 0.2948148148148148 0.4888888888888889 0.09777777777777778 0.16296296296296298
5 0.31407407407407406 0.9175925925925926 0.17185185185185184 0.15
5 0.24222222222222223 0.01574074074074074 0.04296296296296296 0.027777777777777776
5 0.44296296296296295 0.14629629629629629 0.02666666666666667 0.03333333333333333
5 0.5414814814814815 0.22870370370370371 0.025185185185185185 0.024074074074074074
5 0.66 0.7861111111111111 0.04 0.03518518518518519
5 0.7177777777777777 0.1259259259259259 0.037037037037037035 0.05185185185185185
0 0.7177777777777777 0.1259259259259259 0.022222222222222223 0.025925925925925925
5 0.5614814814814815 0.7222222222222222 0.044444444444444446 0.07037037037037037
4 0.8474074074074074 0.5 0.2962962962962963 0.9814814814814815
