4 0.3711111111111111 0.33240740740740743 0.12 0.17592592592592593
5 0.32 0.9833333333333333 0.02074074074074074 0.025925925925925925
0 0.6311111111111111 0.4101851851851852 0.05333333333333334 0.06111111111111111
0 0.654074074074074 0.4675925925925926 0.025185185185185185 0.04259259259259259
0 0.5977777777777777 0.44537037037037036 0.022222222222222223 0.027777777777777776
0 0.6022222222222222 0.4842592592592593 0.057777777777777775 0.046296296296296294
0 0.6288888888888889 0.562037037037037 0.054814814814814816 0.09074074074074075
0 0.56 0.5398148148148149 0.04148148148148148 0.03888888888888889
0 0.5518518518518518 0.5740740740740741 0.037037037037037035 0.03333333333333333
0 0.5733333333333334 0.6203703703703703 0.03851851851851852 0.05925925925925926
0 0.6 0.6314814814814815 0.017777777777777778 0.025925925925925925
0 0.5185185185185185 0.6842592592592592 0.02666666666666667 0.03148148148148148
0 0.46 0.3074074074074074 0.022222222222222223 0.018518518518518517
0 0.4585185185185185 0.33611111111111114 0.022222222222222223 0.020370370370370372
0 0.24962962962962962 0.31574074074074077 0.025185185185185185 0.04259259259259259
0 0.3244444444444444 0.23148148148148148 0.02074074074074074 0.022222222222222223
0 0.3451851851851852 0.06851851851851852 0.02074074074074074 0.022222222222222223
0 0.2674074074074074 0.16574074074074074 0.025185185185185185 0.020370370370370372
0 0.26 0.19814814814814816 0.01925925925925926 0.018518518518518517
0 0.25851851851851854 0.225 0.016296296296296295 0.020370370370370372
0 0.2874074074074074 0.1787037037037037 0.008888888888888889 0.012962962962962963
0 0.26814814814814814 0.9472222222222222 0.02074074074074074 0.024074074074074074
0 0.2785185185185185 0.9833333333333333 0.017777777777777778 0.018518518518518517
0 0.2866666666666667 0.9694444444444444 0.016296296296296295 0.020370370370370372
5 0.48518518518518516 0.41203703703703703 0.025185185185185185 0.027777777777777776
