4 0.5074074074074074 0.5194444444444445 0.09333333333333334 0.13518518518518519
0 0.43037037037037035 0.11388888888888889 0.04888888888888889 0.03518518518518519
0 0.4696296296296296 0.09907407407407408 0.017777777777777778 0.020370370370370372
0 0.4659259259259259 0.16944444444444445 0.034074074074074076 0.03888888888888889
0 0.45925925925925926 0.20185185185185187 0.017777777777777778 0.018518518518518517
0 0.47185185185185186 0.33611111111111114 0.016296296296296295 0.020370370370370372
0 0.45111111111111113 0.41574074074074074 0.034074074074074076 0.04259259259259259
0 0.48814814814814816 0.4101851851851852 0.025185185185185185 0.03148148148148148
0 0.4274074074074074 0.5175925925925926 0.022222222222222223 0.027777777777777776
0 0.42814814814814817 0.5925925925925926 0.02962962962962963 0.03333333333333333
0 0.6725925925925926 0.612037037037037 0.02962962962962963 0.03518518518518519
0 0.6548148148148148 0.674074074074074 0.047407407407407405 0.06296296296296296
0 0.49777777777777776 0.7351851851851852 0.014814814814814815 0.022222222222222223
0 0.5362962962962963 0.7509259259259259 0.017777777777777778 0.016666666666666666
0 0.5125925925925926 0.7592592592592593 0.017777777777777778 0.014814814814814815
0 0.5355555555555556 0.887962962962963 0.022222222222222223 0.024074074074074074
0 0.49703703703703705 0.8851851851851852 0.013333333333333334 0.018518518518518517
0 0.12666666666666668 0.21944444444444444 0.01037037037037037 0.012962962962962963
0 0.5607407407407408 0.022222222222222223 0.016296296296296295 0.018518518518518517
5 0.10666666666666667 0.08518518518518518 0.014814814814814815 0.018518518518518517
5 0.10592592592592592 0.11851851851851852 0.016296296296296295 0.022222222222222223
5 0.0874074074074074 0.13518518518518519 0.02074074074074074 0.018518518518518517
5 0.07925925925925927 0.17037037037037037 0.04 0.022222222222222223
5 0.11037037037037037 0.17037037037037037 0.013333333333333334 0.014814814814814815
5 0.10222222222222223 0.19537037037037036 0.014814814814814815 0.020370370370370372
5 0.08074074074074074 0.19907407407407407 0.016296296296296295 0.016666666666666666
5 0.12666666666666668 0.24814814814814815 0.022222222222222223 0.022222222222222223
5 0.09111111111111111 0.29907407407407405 0.025185185185185185 0.027777777777777776
5 0.15481481481481482 0.3074074074074074 0.022222222222222223 0.022222222222222223
5 0.7007407407407408 0.2175925925925926 0.02074074074074074 0.020370370370370372
5 0.9059259259259259 0.13333333333333333 0.01925925925925926 0.022222222222222223
5 0.9 0.15833333333333333 0.01925925925925926 0.024074074074074074
5 0.7051851851851851 0.11574074074074074 0.035555555555555556 0.03518518518518519
5 0.6992592592592592 0.024074074074074074 0.023703703703703703 0.025925925925925925
0 0.5985185185185186 0.6018518518518519 0.017777777777777778 0.022222222222222223
0 0.48814814814814816 0.9314814814814815 0.013333333333333334 0.011111111111111112
0 0.5748148148148148 0.5444444444444444 0.014814814814814815 0.022222222222222223
0 0.617037037037037 0.7490740740740741 0.016296296296296295 0.020370370370370372
0 0.6362962962962962 0.7407407407407407 0.016296296296296295 0.018518518518518517
5 0.24222222222222223 0.1675925925925926 0.01925925925925926 0.024074074074074074
5 0.7666666666666667 0.05925925925925926 0.01925925925925926 0.022222222222222223
1 0.06444444444444444 0.6805555555555556 0.1259259259259259 0.6166666666666667
1 0.21555555555555556 0.8666666666666667 0.17925925925925926 0.25925925925925924
5 0.44222222222222224 0.9777777777777777 0.01925925925925926 0.018518518518518517
5 0.46370370370370373 0.987037037037037 0.014814814814814815 0.014814814814814815
5 0.7844444444444445 0.12777777777777777 0.04 0.03333333333333333
5 0.5518518518518518 0.09907407407407408 0.022222222222222223 0.020370370370370372
5 0.5222222222222223 0.08796296296296297 0.028148148148148148 0.024074074074074074
5 0.8777777777777778 0.32037037037037036 0.01925925925925926 0.025925925925925925
