4 0.457037037037037 0.2833333333333333 0.07851851851851852 0.11851851851851852
1 0.14666666666666667 0.6898148148148148 0.2874074074074074 0.6092592592592593
1 0.534074074074074 0.8212962962962963 0.49037037037037035 0.35
5 0.597037037037037 0.3574074074074074 0.02074074074074074 0.025925925925925925
0 0.5792592592592593 0.40925925925925927 0.014814814814814815 0.014814814814814815
0 0.39185185185185184 0.2824074074074074 0.01925925925925926 0.024074074074074074
0 0.41259259259259257 0.03425925925925926 0.01925925925925926 0.024074074074074074
0 0.42074074074074075 0.14166666666666666 0.011851851851851851 0.020370370370370372
0 0.3888888888888889 0.18981481481481483 0.016296296296296295 0.016666666666666666
0 0.4051851851851852 0.19166666666666668 0.013333333333333334 0.012962962962962963
0 0.5118518518518519 0.27870370370370373 0.013333333333333334 0.012962962962962963
0 0.5096296296296297 0.2972222222222222 0.011851851851851851 0.012962962962962963
5 0.86 0.14537037037037037 0.022222222222222223 0.024074074074074074
5 0.8496296296296296 0.10740740740740741 0.016296296296296295 0.022222222222222223
5 0.7681481481481481 0.023148148148148147 0.025185185185185185 0.020370370370370372
