1 0.15407407407407409 0.8111111111111111 0.2903703703703704 0.37407407407407406
0 0.6718518518518518 0.09722222222222222 0.028148148148148148 0.03888888888888889
0 0.8451851851851852 0.39814814814814814 0.013333333333333334 0.018518518518518517
0 0.4266666666666667 0.16944444444444445 0.017777777777777778 0.027777777777777776
0 0.3474074074074074 0.05277777777777778 0.01925925925925926 0.027777777777777776
0 0.3466666666666667 0.008333333333333333 0.014814814814814815 0.016666666666666666
0 0.26 0.004629629629629629 0.01925925925925926 0.009259259259259259
0 0.25851851851851854 0.032407407407407406 0.016296296296296295 0.016666666666666666
0 0.28814814814814815 0.04814814814814815 0.016296296296296295 0.022222222222222223
0 0.30666666666666664 0.10462962962962963 0.047407407407407405 0.06481481481481481
0 0.25333333333333335 0.08055555555555556 0.014814814814814815 0.020370370370370372
0 0.3496296296296296 0.13055555555555556 0.014814814814814815 0.020370370370370372
0 0.3674074074074074 0.12685185185185185 0.017777777777777778 0.016666666666666666
0 0.1925925925925926 0.41574074074074074 0.03259259259259259 0.06481481481481481
0 0.13111111111111112 0.4546296296296296 0.013333333333333334 0.020370370370370372
0 0.01925925925925926 0.21481481481481482 0.023703703703703703 0.02962962962962963
0 0.005925925925925926 0.2796296296296296 0.011851851851851851 0.02962962962962963
0 0.24222222222222223 0.5444444444444444 0.03111111111111111 0.06296296296296296
0 0.24444444444444444 0.6037037037037037 0.014814814814814815 0.018518518518518517
0 0.20666666666666667 0.6175925925925926 0.022222222222222223 0.020370370370370372
0 0.2992592592592593 0.5101851851851852 0.02074074074074074 0.027777777777777776
0 0.023703703703703703 0.5046296296296297 0.023703703703703703 0.03148148148148148
0 0.052592592592592594 0.5574074074074075 0.037037037037037035 0.044444444444444446
0 0.040740740740740744 0.5833333333333334 0.013333333333333334 0.014814814814814815
0 0.02148148148148148 0.5907407407407408 0.04296296296296296 0.12222222222222222
0 0.05925925925925926 0.6564814814814814 0.014814814814814815 0.020370370370370372
0 0.007407407407407408 0.6712962962962963 0.011851851851851851 0.020370370370370372
0 0.1814814814814815 0.537962962962963 0.025185185185185185 0.03518518518518519
0 0.15777777777777777 0.549074074074074 0.01037037037037037 0.024074074074074074
0 0.35185185185185186 0.5787037037037037 0.013333333333333334 0.020370370370370372
0 0.6377777777777778 0.9083333333333333 0.01037037037037037 0.016666666666666666
6 0.19925925925925925 0.7814814814814814 0.3896296296296296 0.42962962962962964
2 0.9866666666666667 0.9648148148148148 0.02074074074074074 0.022222222222222223
5 0.4674074074074074 0.21944444444444444 0.03111111111111111 0.03148148148148148
0 0.36666666666666664 0.812037037037037 0.01925925925925926 0.027777777777777776
0 0.3422222222222222 0.7870370370370371 0.011851851851851851 0.018518518518518517
4 0.9311111111111111 0.4759259259259259 0.12 0.9259259259259259
4 0.857037037037037 0.9212962962962963 0.25925925925925924 0.1388888888888889
3 0.05925925925925926 0.43703703703703706 0.11555555555555555 0.5
