4 0.43407407407407406 0.337037037037037 0.12444444444444444 0.16666666666666666
1 0.09851851851851852 0.8231481481481482 0.19703703703703704 0.34629629629629627
0 0.31333333333333335 0.3148148148148148 0.028148148148148148 0.040740740740740744
0 0.33555555555555555 0.32037037037037036 0.01925925925925926 0.02962962962962963
0 0.4111111111111111 0.07314814814814814 0.022222222222222223 0.024074074074074074
0 0.42592592592592593 0.21296296296296297 0.025185185185185185 0.02962962962962963
0 0.3925925925925926 0.2324074074074074 0.02074074074074074 0.024074074074074074
0 0.32666666666666666 0.1675925925925926 0.01925925925925926 0.016666666666666666
0 0.34444444444444444 0.18425925925925926 0.016296296296296295 0.016666666666666666
0 0.31777777777777777 0.18796296296296297 0.016296296296296295 0.016666666666666666
0 0.3214814814814815 0.22777777777777777 0.017777777777777778 0.018518518518518517
0 0.5296296296296297 0.33425925925925926 0.03111111111111111 0.05
0 0.5562962962962963 0.42777777777777776 0.01925925925925926 0.022222222222222223
0 0.6711111111111111 0.39814814814814814 0.017777777777777778 0.022222222222222223
0 0.7125925925925926 0.4703703703703704 0.035555555555555556 0.08148148148148149
0 0.6570370370370371 0.4537037037037037 0.022222222222222223 0.040740740740740744
0 0.6577777777777778 0.49444444444444446 0.04148148148148148 0.037037037037037035
0 0.6133333333333333 0.5481481481481482 0.023703703703703703 0.037037037037037035
0 0.6007407407407407 0.5777777777777777 0.037037037037037035 0.025925925925925925
0 0.6155555555555555 0.6046296296296296 0.01925925925925926 0.027777777777777776
0 0.7 0.5796296296296296 0.05185185185185185 0.08518518518518518
0 0.6585185185185185 0.6481481481481481 0.04 0.037037037037037035
0 0.6348148148148148 0.6694444444444444 0.025185185185185185 0.03518518518518519
0 0.6414814814814814 0.7046296296296296 0.04148148148148148 0.03148148148148148
0 0.5459259259259259 0.6444444444444445 0.057777777777777775 0.05555555555555555
0 0.5696296296296296 0.687962962962963 0.01925925925925926 0.03518518518518519
0 0.5111111111111111 0.7175925925925926 0.03851851851851852 0.03148148148148148
0 0.3874074074074074 0.6277777777777778 0.01925925925925926 0.011111111111111112
