0 0.21407407407407408 0.025 0.034074074074074076 0.046296296296296294
0 0.21925925925925926 0.13425925925925927 0.05037037037037037 0.09074074074074075
0 0.2851851851851852 0.21203703703703702 0.01037037037037037 0.046296296296296294
0 0.33111111111111113 0.2851851851851852 0.028148148148148148 0.07037037037037037
0 0.34 0.023148148148148147 0.01925925925925926 0.03888888888888889
0 0.1325925925925926 0.5351851851851852 0.022222222222222223 0.09259259259259259
0 0.7748148148148148 0.06944444444444445 0.011851851851851851 0.027777777777777776
0 0.9007407407407407 0.11481481481481481 0.05037037037037037 0.07037037037037037
0 0.705925925925926 0.44074074074074077 0.016296296296296295 0.04814814814814815
0 0.6607407407407407 0.24074074074074073 0.023703703703703703 0.040740740740740744
0 0.5651851851851852 0.2111111111111111 0.013333333333333334 0.037037037037037035
0 0.5696296296296296 0.012037037037037037 0.016296296296296295 0.020370370370370372
2 0.9859259259259259 0.9657407407407408 0.022222222222222223 0.024074074074074074
1 0.04296296296296296 0.49907407407407406 0.08592592592592592 0.8055555555555556
1 0.09777777777777778 0.7240740740740741 0.02666666666666667 0.44814814814814813
1 0.17333333333333334 0.862037037037037 0.21037037037037037 0.2722222222222222
0 0.5525925925925926 0.15 0.014814814814814815 0.040740740740740744
0 0.26666666666666666 0.20092592592592592 0.014814814814814815 0.046296296296296294
3 0.3711111111111111 0.4981481481481482 0.7392592592592593 0.9962962962962963
4 0.9362962962962963 0.4759259259259259 0.11555555555555555 0.937037037037037
