4 0.554074074074074 0.3472222222222222 0.12444444444444444 0.1537037037037037
1 0.13555555555555557 0.6509259259259259 0.27111111111111114 0.6907407407407408
1 0.30444444444444446 0.8824074074074074 0.07555555555555556 0.22777777777777777
5 0.6385185185185185 0.3685185185185185 0.023703703703703703 0.022222222222222223
5 0.1474074074074074 0.4064814814814815 0.022222222222222223 0.024074074074074074
5 0.20222222222222222 0.40925925925925927 0.022222222222222223 0.022222222222222223
0 0.554074074074074 0.09444444444444444 0.03851851851851852 0.022222222222222223
0 0.5562962962962963 0.2222222222222222 0.016296296296296295 0.018518518518518517
0 0.5318518518518518 0.23425925925925925 0.035555555555555556 0.024074074074074074
0 0.46370370370370373 0.2064814814814815 0.044444444444444446 0.027777777777777776
0 0.4888888888888889 0.23703703703703705 0.017777777777777778 0.022222222222222223
0 0.46814814814814815 0.25 0.03259259259259259 0.04814814814814815
0 0.5 0.2564814814814815 0.028148148148148148 0.016666666666666666
0 0.45037037037037037 0.3333333333333333 0.02074074074074074 0.018518518518518517
0 0.4540740740740741 0.3712962962962963 0.01925925925925926 0.016666666666666666
0 0.6733333333333333 0.44907407407407407 0.025185185185185185 0.027777777777777776
0 0.6488888888888888 0.3472222222222222 0.023703703703703703 0.016666666666666666
0 0.7577777777777778 0.3824074074074074 0.025185185185185185 0.020370370370370372
0 0.7844444444444445 0.39444444444444443 0.022222222222222223 0.025925925925925925
0 0.7637037037037037 0.41759259259259257 0.03111111111111111 0.020370370370370372
0 0.7474074074074074 0.47314814814814815 0.03111111111111111 0.08333333333333333
0 0.8051851851851852 0.49166666666666664 0.037037037037037035 0.07592592592592592
0 0.7881481481481482 0.5879629629629629 0.04148148148148148 0.06851851851851852
0 0.7081481481481482 0.549074074074074 0.03259259259259259 0.03148148148148148
0 0.6896296296296296 0.5768518518518518 0.054814814814814816 0.06111111111111111
0 0.674074074074074 0.6314814814814815 0.044444444444444446 0.05555555555555555
0 0.7481481481481481 0.6675925925925926 0.02074074074074074 0.03518518518518519
0 0.5807407407407408 0.7046296296296296 0.04148148148148148 0.046296296296296294
0 0.6533333333333333 0.6962962962962963 0.08592592592592592 0.05555555555555555
0 0.7125925925925926 0.6824074074074075 0.02666666666666667 0.05740740740740741
0 0.5125925925925926 0.6148148148148148 0.02962962962962963 0.044444444444444446
0 0.5192592592592593 0.8203703703703704 0.022222222222222223 0.011111111111111112
0 0.4711111111111111 0.7861111111111111 0.02074074074074074 0.024074074074074074
