4 0.6355555555555555 0.55 0.10074074074074074 0.14444444444444443
1 0.09481481481481481 0.5472222222222223 0.18962962962962962 0.7722222222222223
5 0.06296296296296296 0.2953703703703704 0.03111111111111111 0.06111111111111111
5 0.23703703703703705 0.024074074074074074 0.05037037037037037 0.040740740740740744
5 0.23333333333333334 0.15462962962962962 0.09925925925925926 0.20925925925925926
5 0.2985185185185185 0.3 0.022222222222222223 0.037037037037037035
5 0.3748148148148148 0.16111111111111112 0.02074074074074074 0.022222222222222223
5 0.43925925925925924 0.22314814814814815 0.01925925925925926 0.020370370370370372
5 0.28296296296296297 0.5601851851851852 0.02074074074074074 0.020370370370370372
5 0.7992592592592592 0.5722222222222222 0.01925925925925926 0.018518518518518517
5 0.7962962962962963 0.6129629629629629 0.013333333333333334 0.018518518518518517
5 0.9318518518518518 0.13425925925925927 0.023703703703703703 0.016666666666666666
5 0.9422222222222222 0.15185185185185185 0.017777777777777778 0.022222222222222223
5 0.9474074074074074 0.175 0.016296296296296295 0.024074074074074074
5 0.7096296296296296 0.5675925925925925 0.04148148148148148 0.05
0 0.6207407407407407 0.17314814814814813 0.017777777777777778 0.027777777777777776
0 0.6422222222222222 0.10277777777777777 0.06074074074074074 0.053703703703703705
0 0.6955555555555556 0.03518518518518519 0.01037037037037037 0.018518518518518517
0 0.74 0.4222222222222222 0.022222222222222223 0.02962962962962963
0 0.6407407407407407 0.34074074074074073 0.016296296296296295 0.014814814814814815
0 0.6785185185185185 0.3388888888888889 0.011851851851851851 0.018518518518518517
0 0.5992592592592593 0.4546296296296296 0.025185185185185185 0.016666666666666666
0 0.7888888888888889 0.5453703703703704 0.025185185185185185 0.012962962962962963
0 0.6385185185185185 0.7462962962962963 0.05037037037037037 0.1111111111111111
0 0.6814814814814815 0.75 0.017777777777777778 0.018518518518518517
0 0.6659259259259259 0.812962962962963 0.037037037037037035 0.03333333333333333
0 0.8081481481481482 0.7324074074074074 0.013333333333333334 0.024074074074074074
0 0.7977777777777778 0.7601851851851852 0.025185185185185185 0.03518518518518519
0 0.7718518518518519 0.8018518518518518 0.02666666666666667 0.025925925925925925
0 0.74 0.8185185185185185 0.037037037037037035 0.025925925925925925
0 0.7066666666666667 0.8287037037037037 0.02962962962962963 0.024074074074074074
0 0.7733333333333333 0.675 0.03259259259259259 0.05
0 0.7481481481481481 0.6398148148148148 0.044444444444444446 0.05
0 0.7503703703703704 0.7046296296296296 0.05185185185185185 0.06481481481481481
0 0.5577777777777778 0.6333333333333333 0.03111111111111111 0.02962962962962963
0 0.6237037037037036 0.43703703703703706 0.035555555555555556 0.03333333333333333
0 0.72 0.43703703703703706 0.02074074074074074 0.018518518518518517
0 0.6474074074074074 0.009259259259259259 0.047407407407407405 0.018518518518518517
0 0.6066666666666667 0.8712962962962963 0.013333333333333334 0.016666666666666666
5 0.8696296296296296 0.08148148148148149 0.023703703703703703 0.025925925925925925
5 0.9207407407407407 0.10092592592592593 0.022222222222222223 0.020370370370370372
5 0.7066666666666667 0.12129629629629629 0.02962962962962963 0.03148148148148148
5 0.6933333333333334 0.1787037037037037 0.02074074074074074 0.020370370370370372
