4 0.6392592592592593 0.43333333333333335 0.11703703703703704 0.14814814814814814
1 0.1 0.5537037037037037 0.2 0.8888888888888888
1 0.3111111111111111 0.8157407407407408 0.22814814814814816 0.3611111111111111
5 0.17407407407407408 0.2916666666666667 0.025185185185185185 0.03148148148148148
5 0.7214814814814815 0.43796296296296294 0.023703703703703703 0.024074074074074074
5 0.8985185185185185 0.12685185185185185 0.01925925925925926 0.016666666666666666
5 0.31777777777777777 0.8101851851851852 0.01925925925925926 0.024074074074074074
5 0.26296296296296295 0.044444444444444446 0.01925925925925926 0.025925925925925925
5 0.24296296296296296 0.11388888888888889 0.017777777777777778 0.027777777777777776
5 0.43703703703703706 0.03333333333333333 0.017777777777777778 0.022222222222222223
5 0.6703703703703704 0.03981481481481482 0.13185185185185186 0.03518518518518519
0 0.7362962962962963 0.3194444444444444 0.02074074074074074 0.03518518518518519
0 0.7570370370370371 0.29814814814814816 0.017777777777777778 0.018518518518518517
0 0.7096296296296296 0.1824074074074074 0.05333333333333334 0.03148148148148148
0 0.6637037037037037 0.18796296296296297 0.02074074074074074 0.027777777777777776
0 0.6474074074074074 0.2972222222222222 0.023703703703703703 0.03148148148148148
0 0.8081481481481482 0.4583333333333333 0.025185185185185185 0.04259259259259259
0 0.8525925925925926 0.4527777777777778 0.04 0.03148148148148148
0 0.8511111111111112 0.48518518518518516 0.013333333333333334 0.025925925925925925
0 0.8296296296296296 0.47962962962962963 0.008888888888888889 0.018518518518518517
0 0.8214814814814815 0.5351851851851852 0.022222222222222223 0.07407407407407407
0 0.8629629629629629 0.6046296296296296 0.013333333333333334 0.03148148148148148
0 0.8481481481481481 0.6638888888888889 0.04 0.06851851851851852
0 0.7637037037037037 0.5416666666666666 0.01037037037037037 0.020370370370370372
0 0.7962962962962963 0.5601851851851852 0.028148148148148148 0.024074074074074074
0 0.7992592592592592 0.5925925925925926 0.007407407407407408 0.018518518518518517
0 0.7859259259259259 0.625 0.013333333333333334 0.016666666666666666
0 0.7451851851851852 0.6324074074074074 0.014814814814814815 0.024074074074074074
0 0.7637037037037037 0.6583333333333333 0.01037037037037037 0.016666666666666666
0 0.7451851851851852 0.6712962962962963 0.014814814814814815 0.016666666666666666
0 0.8148148148148148 0.7148148148148148 0.011851851851851851 0.014814814814814815
0 0.8103703703703704 0.7342592592592593 0.017777777777777778 0.024074074074074074
0 0.6570370370370371 0.7027777777777777 0.1111111111111111 0.10925925925925926
0 0.74 0.7648148148148148 0.10814814814814815 0.05185185185185185
