4 0.6177777777777778 0.4 0.12148148148148148 0.15555555555555556
1 0.11407407407407408 0.5638888888888889 0.22814814814814816 0.8685185185185185
1 0.3244444444444444 0.8611111111111112 0.18962962962962962 0.2740740740740741
5 0.13777777777777778 0.21666666666666667 0.02666666666666667 0.02962962962962963
5 0.8918518518518519 0.08796296296296297 0.023703703703703703 0.027777777777777776
5 0.6548148148148148 0.011111111111111112 0.023703703703703703 0.022222222222222223
5 0.7014814814814815 0.40185185185185185 0.022222222222222223 0.025925925925925925
0 0.6244444444444445 0.27037037037037037 0.022222222222222223 0.025925925925925925
0 0.74 0.2638888888888889 0.022222222222222223 0.024074074074074074
0 0.7162962962962963 0.28055555555555556 0.025185185185185185 0.03148148148148148
0 0.6859259259259259 0.009259259259259259 0.044444444444444446 0.014814814814814815
0 0.62 0.016666666666666666 0.025185185185185185 0.022222222222222223
0 0.6792592592592592 0.14629629629629629 0.03111111111111111 0.02962962962962963
0 0.6407407407407407 0.1527777777777778 0.028148148148148148 0.024074074074074074
0 0.8348148148148148 0.42407407407407405 0.03111111111111111 0.022222222222222223
0 0.8155555555555556 0.4425925925925926 0.05185185185185185 0.040740740740740744
0 0.8074074074074075 0.4722222222222222 0.023703703703703703 0.018518518518518517
0 0.7985185185185185 0.5092592592592593 0.047407407407407405 0.06296296296296296
0 0.7755555555555556 0.5518518518518518 0.022222222222222223 0.022222222222222223
0 0.7355555555555555 0.5037037037037037 0.022222222222222223 0.022222222222222223
0 0.8481481481481481 0.5564814814814815 0.022222222222222223 0.05
0 0.8325925925925926 0.6287037037037037 0.04148148148148148 0.06111111111111111
0 0.7325925925925926 0.6185185185185185 0.04888888888888889 0.06296296296296296
0 0.7681481481481481 0.5962962962962963 0.013333333333333334 0.022222222222222223
0 0.7977777777777778 0.7 0.01925925925925926 0.040740740740740744
0 0.6051851851851852 0.6648148148148149 0.04888888888888889 0.09259259259259259
0 0.5911111111111111 0.6 0.02074074074074074 0.025925925925925925
0 0.6659259259259259 0.6388888888888888 0.028148148148148148 0.02962962962962963
0 0.7044444444444444 0.7194444444444444 0.14074074074074075 0.07962962962962963
0 0.6088888888888889 0.875 0.014814814814814815 0.024074074074074074
0 0.5207407407407407 0.8092592592592592 0.028148148148148148 0.02962962962962963
0 0.5222222222222223 0.46111111111111114 0.013333333333333334 0.014814814814814815
0 0.522962962962963 0.38796296296296295 0.008888888888888889 0.016666666666666666
5 0.21259259259259258 0.06481481481481481 0.016296296296296295 0.018518518518518517
5 0.6051851851851852 0.562037037037037 0.022222222222222223 0.024074074074074074
5 0.6096296296296296 0.8398148148148148 0.016296296296296295 0.020370370370370372
0 0.6644444444444444 0.662962962962963 0.022222222222222223 0.018518518518518517
5 0.7088888888888889 0.15185185185185185 0.016296296296296295 0.02962962962962963
0 0.5651851851851852 0.30185185185185187 0.03111111111111111 0.02962962962962963
