4 0.33555555555555555 0.44166666666666665 0.07555555555555556 0.12037037037037036
1 0.8474074074074074 0.8101851851851852 0.2962962962962963 0.37222222222222223
1 0.9274074074074075 0.4898148148148148 0.1362962962962963 0.26851851851851855
5 0.38666666666666666 0.45092592592592595 0.02074074074074074 0.03888888888888889
5 0.26814814814814814 0.4444444444444444 0.03259259259259259 0.02962962962962963
5 0.7622222222222222 0.18796296296296297 0.022222222222222223 0.024074074074074074
5 0.7859259259259259 0.24259259259259258 0.028148148148148148 0.025925925925925925
5 0.49407407407407405 0.05 0.025185185185185185 0.02962962962962963
5 0.6496296296296297 0.012962962962962963 0.025185185185185185 0.022222222222222223
5 0.6511111111111111 0.05092592592592592 0.034074074074074076 0.05
5 0.6555555555555556 0.10092592592592593 0.03111111111111111 0.046296296296296294
5 0.6474074074074074 0.13425925925925927 0.02074074074074074 0.016666666666666666
5 0.6385185185185185 0.16018518518518518 0.02962962962962963 0.020370370370370372
5 0.7911111111111111 0.7611111111111111 0.017777777777777778 0.022222222222222223
5 0.2733333333333333 0.46944444444444444 0.022222222222222223 0.024074074074074074
5 0.015555555555555555 0.21388888888888888 0.01925925925925926 0.03888888888888889
0 0.25037037037037035 0.07222222222222222 0.017777777777777778 0.018518518518518517
0 0.2659259259259259 0.10740740740740741 0.034074074074074076 0.040740740740740744
0 0.2874074074074074 0.1537037037037037 0.017777777777777778 0.02962962962962963
0 0.2651851851851852 0.15925925925925927 0.03259259259259259 0.03333333333333333
0 0.2948148148148148 0.2916666666666667 0.017777777777777778 0.03888888888888889
5 0.2762962962962963 0.33055555555555555 0.01925925925925926 0.016666666666666666
5 0.2525925925925926 0.017592592592592594 0.01925925925925926 0.027777777777777776
5 0.27555555555555555 0.008333333333333333 0.017777777777777778 0.016666666666666666
5 0.5518518518518518 0.016666666666666666 0.022222222222222223 0.018518518518518517
5 0.5637037037037037 0.03981481481481482 0.01925925925925926 0.024074074074074074
0 0.19703703703703704 0.03611111111111111 0.014814814814814815 0.020370370370370372
