6 0.2 0.7768518518518519 0.397037037037037 0.4388888888888889
1 0.1622222222222222 0.8 0.3214814814814815 0.3925925925925926
2 0.9866666666666667 0.9657407407407408 0.02074074074074074 0.024074074074074074
5 0.6466666666666666 0.887962962962963 0.05185185185185185 0.05740740740740741
5 0.2866666666666667 0.062037037037037036 0.11407407407407408 0.12407407407407407
0 0.2562962962962963 0.025 0.011851851851851851 0.016666666666666666
0 0.25037037037037035 0.07222222222222222 0.014814814814814815 0.025925925925925925
0 0.28444444444444444 0.03611111111111111 0.011851851851851851 0.020370370370370372
0 0.3037037037037037 0.08981481481481482 0.04148148148148148 0.06111111111111111
0 0.28444444444444444 0.11018518518518519 0.011851851851851851 0.012962962962962963
0 0.2992592592592593 0.03333333333333333 0.005925925925925926 0.025925925925925925
0 0.3437037037037037 0.04259259259259259 0.014814814814814815 0.022222222222222223
0 0.35555555555555557 0.1175925925925926 0.023703703703703703 0.020370370370370372
0 0.42074074074074075 0.15462962962962962 0.011851851851851851 0.020370370370370372
5 0.46370370370370373 0.20462962962962963 0.02666666666666667 0.03148148148148148
0 0.6592592592592592 0.07685185185185185 0.02666666666666667 0.03518518518518519
0 0.8444444444444444 0.36574074074074076 0.017777777777777778 0.012962962962962963
0 0.6466666666666666 0.8777777777777778 0.013333333333333334 0.011111111111111112
0 0.6303703703703704 0.8898148148148148 0.01037037037037037 0.009259259259259259
0 0.19777777777777777 0.39537037037037037 0.022222222222222223 0.03888888888888889
0 0.20222222222222222 0.42592592592592593 0.013333333333333334 0.022222222222222223
0 0.25925925925925924 0.45925925925925926 0.017777777777777778 0.011111111111111112
0 0.31037037037037035 0.5009259259259259 0.01925925925925926 0.03148148148148148
0 0.24518518518518517 0.4981481481481482 0.016296296296296295 0.018518518518518517
0 0.2474074074074074 0.5296296296296297 0.011851851851851851 0.014814814814814815
0 0.26296296296296295 0.5388888888888889 0.013333333333333334 0.02962962962962963
0 0.27555555555555555 0.5444444444444444 0.008888888888888889 0.018518518518518517
0 0.3451851851851852 0.75 0.014814814814814815 0.018518518518518517
0 0.02074074074074074 0.45 0.02074074074074074 0.014814814814814815
0 0.024444444444444446 0.475 0.034074074074074076 0.027777777777777776
0 0.04518518518518518 0.5537037037037037 0.07555555555555556 0.12222222222222222
0 0.11555555555555555 0.5740740740740741 0.03259259259259259 0.040740740740740744
0 0.19037037037037038 0.5203703703703704 0.013333333333333334 0.018518518518518517
0 0.011851851851851851 0.6314814814814815 0.014814814814814815 0.022222222222222223
0 0.07555555555555556 0.6259259259259259 0.014814814814814815 0.018518518518518517
0 0.02074074074074074 0.6703703703703704 0.017777777777777778 0.04814814814814815
4 0.96 0.49907407407407406 0.07111111111111111 0.8092592592592592
0 0.02666666666666667 0.19444444444444445 0.017777777777777778 0.018518518518518517
