0 0.9059259259259259 0.15648148148148147 0.04296296296296296 0.07592592592592592
0 0.7096296296296296 0.5074074074074074 0.014814814814814815 0.04814814814814815
0 0.5659259259259259 0.04814814814814815 0.017777777777777778 0.09259259259259259
0 0.5481481481481482 0.2222222222222222 0.011851851851851851 0.040740740740740744
0 0.5637037037037037 0.2861111111111111 0.013333333333333334 0.053703703703703705
0 0.6614814814814814 0.31574074074074077 0.022222222222222223 0.053703703703703705
0 0.36444444444444446 0.019444444444444445 0.011851851851851851 0.03888888888888889
0 0.33185185185185184 0.0962962962962963 0.014814814814814815 0.04814814814814815
0 0.20962962962962964 0.16944444444444445 0.04888888888888889 0.21666666666666667
0 0.2614814814814815 0.29259259259259257 0.01037037037037037 0.05555555555555555
0 0.28296296296296297 0.3037037037037037 0.011851851851851851 0.05925925925925926
0 0.33111111111111113 0.3814814814814815 0.022222222222222223 0.07037037037037037
0 0.14814814814814814 0.6972222222222222 0.02962962962962963 0.12407407407407407
0 0.23185185185185186 0.9333333333333333 0.025185185185185185 0.05925925925925926
0 0.5844444444444444 0.3453703703703704 0.007407407407407408 0.046296296296296294
1 0.04 0.5175925925925926 0.08 0.7203703703703703
0 0.1237037037037037 0.7240740740740741 0.04 0.14814814814814814
0 0.1325925925925926 0.825 0.028148148148148148 0.06111111111111111
0 0.19777777777777777 0.9398148148148148 0.04888888888888889 0.11296296296296296
0 0.2518518518518518 0.9018518518518519 0.023703703703703703 0.05555555555555555
0 0.15037037037037038 0.9407407407407408 0.057777777777777775 0.10740740740740741
0 0.052592592592592594 0.6759259259259259 0.01925925925925926 0.1
0 0.09925925925925926 0.8925925925925926 0.04148148148148148 0.07407407407407407
0 0.2518518518518518 0.975925925925926 0.06518518518518518 0.040740740740740744
2 0.9851851851851852 0.9666666666666667 0.02074074074074074 0.022222222222222223
3 0.49925925925925924 0.4981481481481482 0.9955555555555555 0.9925925925925926
4 0.9607407407407408 0.4824074074074074 0.06666666666666667 0.8092592592592592
4 0.8681481481481481 0.912962962962963 0.24592592592592594 0.15185185185185185
