0 0.6548148148148148 0.6972222222222222 0.05925925925925926 0.09444444444444444
0 0.654074074074074 0.7574074074074074 0.028148148148148148 0.025925925925925925
0 0.6851851851851852 0.7842592592592592 0.054814814814814816 0.03518518518518519
0 0.7651851851851852 0.6648148148148149 0.025185185185185185 0.044444444444444446
0 0.7103703703703703 0.7212962962962963 0.03111111111111111 0.046296296296296294
0 0.8044444444444444 0.5962962962962963 0.08296296296296296 0.1
0 0.8622222222222222 0.687037037037037 0.04148148148148148 0.08888888888888889
0 0.762962962962963 0.8 0.09481481481481481 0.04814814814814815
0 0.8251851851851851 0.7685185185185185 0.03259259259259259 0.05185185185185185
0 0.7140740740740741 0.6638888888888889 0.011851851851851851 0.012962962962962963
0 0.8103703703703704 0.5009259259259259 0.023703703703703703 0.03518518518518519
0 0.8651851851851852 0.5092592592592593 0.03851851851851852 0.03333333333333333
0 0.8377777777777777 0.5231481481481481 0.016296296296296295 0.020370370370370372
0 0.7666666666666667 0.3731481481481482 0.054814814814814816 0.053703703703703705
0 0.6666666666666666 0.3574074074074074 0.04148148148148148 0.044444444444444446
0 0.717037037037037 0.2462962962962963 0.07111111111111111 0.03333333333333333
0 0.6118518518518519 0.862037037037037 0.011851851851851851 0.020370370370370372
0 0.5525925925925926 0.8907407407407407 0.02962962962962963 0.022222222222222223
0 0.5718518518518518 0.9166666666666666 0.02074074074074074 0.018518518518518517
0 0.6614814814814814 0.10648148148148148 0.022222222222222223 0.024074074074074074
0 0.7155555555555555 0.09537037037037037 0.07703703703703704 0.024074074074074074
0 0.6081481481481481 0.007407407407407408 0.016296296296296295 0.014814814814814815
0 0.7474074074074074 0.5203703703703704 0.01037037037037037 0.018518518518518517
0 0.7488888888888889 0.4962962962962963 0.01037037037037037 0.014814814814814815
0 0.7637037037037037 0.49537037037037035 0.01037037037037037 0.016666666666666666
1 0.10814814814814815 0.5481481481481482 0.2162962962962963 0.8962962962962963
1 0.28444444444444444 0.912962962962963 0.13037037037037036 0.16666666666666666
5 0.23555555555555555 0.4148148148148148 0.017777777777777778 0.02962962962962963
5 0.3 0.12962962962962962 0.016296296296296295 0.022222222222222223
5 0.2859259259259259 0.2064814814814815 0.017777777777777778 0.027777777777777776
5 0.27555555555555555 0.05 0.023703703703703703 0.022222222222222223
5 0.2644444444444444 0.011111111111111112 0.045925925925925926 0.022222222222222223
5 0.4651851851851852 0.0962962962962963 0.017777777777777778 0.014814814814814815
4 0.6644444444444444 0.49166666666666664 0.1259259259259259 0.1685185185185185
5 0.9237037037037037 0.13333333333333333 0.037037037037037035 0.018518518518518517
5 0.9111111111111111 0.17037037037037037 0.02074074074074074 0.05185185185185185
5 0.7533333333333333 0.032407407407407406 0.01925925925925926 0.024074074074074074
5 0.2614814814814815 0.04537037037037037 0.07555555555555556 0.06851851851851852
5 0.6488888888888888 0.9722222222222222 0.05037037037037037 0.02962962962962963
5 0.7570370370370371 0.7148148148148148 0.017777777777777778 0.018518518518518517
5 0.7488888888888889 0.7305555555555555 0.016296296296296295 0.020370370370370372
5 0.7340740740740741 0.7361111111111112 0.013333333333333334 0.024074074074074074
5 0.40296296296296297 0.021296296296296296 0.017777777777777778 0.020370370370370372
