4 0.4059259259259259 0.47314814814814815 0.08592592592592592 0.12777777777777777
5 0.7637037037037037 0.15092592592592594 0.03111111111111111 0.027777777777777776
5 0.7577777777777778 0.058333333333333334 0.04296296296296296 0.09444444444444444
0 0.5451851851851852 0.6203703703703703 0.035555555555555556 0.044444444444444446
0 0.5585185185185185 0.5611111111111111 0.017777777777777778 0.018518518518518517
0 0.4651851851851852 0.47129629629629627 0.014814814814814815 0.016666666666666666
0 0.3385185185185185 0.3574074074074074 0.037037037037037035 0.018518518518518517
0 0.36666666666666664 0.3037037037037037 0.01925925925925926 0.018518518518518517
0 0.32592592592592595 0.1787037037037037 0.02666666666666667 0.020370370370370372
0 0.3540740740740741 0.16944444444444445 0.02074074074074074 0.03148148148148148
0 0.3333333333333333 0.1111111111111111 0.047407407407407405 0.04814814814814815
0 0.31333333333333335 0.07962962962962963 0.01925925925925926 0.014814814814814815
0 0.24444444444444444 0.041666666666666664 0.023703703703703703 0.020370370370370372
0 0.8933333333333333 0.23425925925925925 0.023703703703703703 0.020370370370370372
0 0.9155555555555556 0.2851851851851852 0.02074074074074074 0.022222222222222223
0 0.32296296296296295 0.4777777777777778 0.014814814814814815 0.014814814814814815
0 0.36444444444444446 0.38981481481481484 0.023703703703703703 0.03148148148148148
0 0.4651851851851852 0.4962962962962963 0.014814814814814815 0.014814814814814815
0 0.937037037037037 0.7925925925925926 0.01925925925925926 0.014814814814814815
5 0.48444444444444446 0.5462962962962963 0.017777777777777778 0.022222222222222223
5 0.33037037037037037 0.5083333333333333 0.02666666666666667 0.024074074074074074
5 0.7422222222222222 0.19444444444444445 0.02074074074074074 0.02962962962962963
5 0.5792592592592593 0.062037037037037036 0.047407407407407405 0.046296296296296294
