4 0.5051851851851852 0.5175925925925926 0.09481481481481481 0.13148148148148148
1 0.04518518518518518 0.600925925925926 0.0874074074074074 0.5425925925925926
1 0.1511111111111111 0.9046296296296297 0.17185185185185184 0.18703703703703703
5 0.10592592592592592 0.14722222222222223 0.06962962962962962 0.1574074074074074
5 0.12962962962962962 0.2490740740740741 0.022222222222222223 0.024074074074074074
5 0.15259259259259259 0.3055555555555556 0.023703703703703703 0.025925925925925925
5 0.5237037037037037 0.08796296296296297 0.01925925925925926 0.03148148148148148
5 0.09333333333333334 0.2953703703703704 0.02962962962962963 0.027777777777777776
5 0.6962962962962963 0.023148148148148147 0.023703703703703703 0.024074074074074074
5 0.49333333333333335 0.8861111111111111 0.02074074074074074 0.020370370370370372
0 0.42962962962962964 0.11666666666666667 0.056296296296296296 0.037037037037037035
0 0.4711111111111111 0.10092592592592593 0.02074074074074074 0.024074074074074074
0 0.56 0.022222222222222223 0.014814814814814815 0.014814814814814815
0 0.4874074074074074 0.4111111111111111 0.02666666666666667 0.03333333333333333
0 0.45111111111111113 0.41944444444444445 0.03111111111111111 0.04259259259259259
0 0.4703703703703704 0.33425925925925926 0.016296296296296295 0.016666666666666666
0 0.42814814814814817 0.5166666666666667 0.017777777777777778 0.025925925925925925
0 0.422962962962963 0.5555555555555556 0.028148148148148148 0.022222222222222223
0 0.42814814814814817 0.5944444444444444 0.03259259259259259 0.037037037037037035
0 0.6696296296296296 0.6129629629629629 0.03259259259259259 0.03333333333333333
0 0.654074074074074 0.6583333333333333 0.04888888888888889 0.03518518518518519
0 0.6562962962962963 0.6907407407407408 0.044444444444444446 0.037037037037037035
0 0.49777777777777776 0.7342592592592593 0.02074074074074074 0.024074074074074074
0 0.5362962962962963 0.75 0.014814814814814815 0.018518518518518517
0 0.5111111111111111 0.7601851851851852 0.017777777777777778 0.020370370370370372
0 0.5333333333333333 0.8851851851851852 0.017777777777777778 0.014814814814814815
0 0.5992592592592593 0.6037037037037037 0.016296296296296295 0.018518518518518517
5 0.5748148148148148 0.5324074074074074 0.02666666666666667 0.04259259259259259
0 0.12666666666666668 0.2222222222222222 0.016296296296296295 0.018518518518518517
0 0.46370370370370373 0.1685185185185185 0.02962962962962963 0.037037037037037035
0 0.4577777777777778 0.2037037037037037 0.014814814814814815 0.014814814814814815
0 0.48074074074074075 0.012962962962962963 0.016296296296296295 0.011111111111111112
0 0.7103703703703703 0.04537037037037037 0.013333333333333334 0.012962962962962963
5 0.7037037037037037 0.21851851851851853 0.023703703703703703 0.022222222222222223
5 0.39185185185185184 0.04351851851851852 0.01925925925925926 0.016666666666666666
5 0.42518518518518517 0.40370370370370373 0.017777777777777778 0.018518518518518517
5 0.5044444444444445 0.9490740740740741 0.016296296296296295 0.020370370370370372
5 0.7651851851851852 0.05462962962962963 0.025185185185185185 0.020370370370370372
5 0.7748148148148148 0.08518518518518518 0.023703703703703703 0.014814814814814815
5 0.7866666666666666 0.12129629629629629 0.047407407407407405 0.024074074074074074
5 0.7185185185185186 0.11018518518518519 0.05925925925925926 0.03148148148148148
5 0.902962962962963 0.14351851851851852 0.04 0.046296296296296294
