4 0.5088888888888888 0.3425925925925926 0.1259259259259259 0.15925925925925927
1 0.18074074074074073 0.7537037037037037 0.36148148148148146 0.48518518518518516
5 0.6051851851851852 0.3611111111111111 0.022222222222222223 0.02962962962962963
0 0.5051851851851852 0.08148148148148149 0.044444444444444446 0.018518518518518517
0 0.4925925925925926 0.22685185185185186 0.05185185185185185 0.03888888888888889
0 0.41185185185185186 0.2074074074074074 0.04148148148148148 0.05185185185185185
0 0.4437037037037037 0.22037037037037038 0.01925925925925926 0.018518518518518517
0 0.4148148148148148 0.25 0.02666666666666667 0.03333333333333333
0 0.40296296296296297 0.31666666666666665 0.03259259259259259 0.037037037037037035
0 0.4088888888888889 0.3675925925925926 0.017777777777777778 0.016666666666666666
0 0.6103703703703703 0.33425925925925926 0.02962962962962963 0.020370370370370372
0 0.6044444444444445 0.3592592592592593 0.017777777777777778 0.022222222222222223
0 0.7459259259259259 0.38055555555555554 0.037037037037037035 0.03888888888888889
0 0.7185185185185186 0.38055555555555554 0.014814814814814815 0.016666666666666666
0 0.7281481481481481 0.4101851851851852 0.016296296296296295 0.020370370370370372
0 0.7451851851851852 0.4166666666666667 0.014814814814814815 0.018518518518518517
0 0.762962962962963 0.4398148148148148 0.02074074074074074 0.027777777777777776
0 0.7718518518518519 0.48148148148148145 0.008888888888888889 0.007407407407407408
0 0.7755555555555556 0.5101851851851852 0.013333333333333334 0.024074074074074074
0 0.7192592592592593 0.46574074074074073 0.025185185185185185 0.03888888888888889
0 0.7162962962962963 0.5074074074074074 0.03111111111111111 0.03333333333333333
0 0.6311111111111111 0.4361111111111111 0.02074074074074074 0.027777777777777776
0 0.7703703703703704 0.5601851851851852 0.023703703703703703 0.027777777777777776
0 0.7570370370370371 0.5907407407407408 0.04148148148148148 0.06666666666666667
0 0.7222222222222222 0.6564814814814814 0.01925925925925926 0.024074074074074074
0 0.7118518518518518 0.6851851851851852 0.016296296296296295 0.022222222222222223
0 0.6866666666666666 0.6833333333333333 0.04 0.06666666666666667
0 0.6762962962962963 0.5481481481481482 0.025185185185185185 0.03333333333333333
0 0.6414814814814814 0.562037037037037 0.02666666666666667 0.020370370370370372
0 0.6674074074074074 0.5907407407407408 0.037037037037037035 0.037037037037037035
0 0.6592592592592592 0.6592592592592592 0.02074074074074074 0.03333333333333333
0 0.5385185185185185 0.7175925925925926 0.03111111111111111 0.027777777777777776
0 0.5940740740740741 0.6861111111111111 0.10962962962962963 0.09444444444444444
0 0.46444444444444444 0.6287037037037037 0.025185185185185185 0.03888888888888889
0 0.48518518518518516 0.5083333333333333 0.013333333333333334 0.012962962962962963
0 0.4651851851851852 0.9064814814814814 0.011851851851851851 0.016666666666666666
0 0.4540740740740741 0.25 0.022222222222222223 0.022222222222222223
