4 0.5955555555555555 0.37222222222222223 0.12148148148148148 0.15925925925925927
1 0.10814814814814815 0.575 0.2162962962962963 0.8388888888888889
1 0.2896296296296296 0.8546296296296296 0.14962962962962964 0.2833333333333333
5 0.10074074074074074 0.1648148148148148 0.023703703703703703 0.022222222222222223
5 0.5837037037037037 0.85 0.02666666666666667 0.025925925925925925
5 0.6807407407407408 0.3731481481481482 0.028148148148148148 0.027777777777777776
0 0.6533333333333333 0.11851851851851852 0.023703703703703703 0.02962962962962963
0 0.6066666666666667 0.12407407407407407 0.03111111111111111 0.025925925925925925
0 0.6007407407407407 0.24166666666666667 0.01925925925925926 0.020370370370370372
0 0.6992592592592592 0.25092592592592594 0.03259259259259259 0.03148148148148148
0 0.5014814814814815 0.225 0.013333333333333334 0.012962962962962963
0 0.542962962962963 0.27037037037037037 0.034074074074074076 0.02962962962962963
0 0.6933333333333334 0.37407407407407406 0.02962962962962963 0.022222222222222223
0 0.682962962962963 0.3962962962962963 0.014814814814814815 0.022222222222222223
0 0.817037037037037 0.41388888888888886 0.028148148148148148 0.06481481481481481
0 0.7874074074074074 0.47962962962962963 0.034074074074074076 0.1037037037037037
0 0.8333333333333334 0.5259259259259259 0.022222222222222223 0.06296296296296296
0 0.7666666666666667 0.5351851851851852 0.01925925925925926 0.018518518518518517
0 0.7474074074074074 0.5648148148148148 0.016296296296296295 0.022222222222222223
0 0.7185185185185186 0.5907407407407408 0.04148148148148148 0.05185185185185185
0 0.6992592592592592 0.6138888888888889 0.044444444444444446 0.04259259259259259
0 0.6488888888888888 0.6240740740740741 0.05037037037037037 0.044444444444444446
0 0.5659259259259259 0.5666666666666667 0.02074074074074074 0.022222222222222223
0 0.5659259259259259 0.6287037037037037 0.035555555555555556 0.05
0 0.58 0.6675925925925926 0.034074074074074076 0.027777777777777776
0 0.6837037037037037 0.7037037037037037 0.14962962962962964 0.07037037037037037
0 0.7777777777777778 0.6842592592592592 0.02074074074074074 0.05
0 0.8177777777777778 0.6092592592592593 0.03851851851851852 0.06666666666666667
0 0.7103703703703703 0.4787037037037037 0.016296296296296295 0.020370370370370372
0 0.7570370370370371 0.38425925925925924 0.017777777777777778 0.020370370370370372
5 0.7896296296296297 0.40925925925925927 0.017777777777777778 0.025925925925925925
5 0.7207407407407408 0.23981481481481481 0.022222222222222223 0.03148148148148148
5 0.5555555555555556 0.899074074074074 0.035555555555555556 0.04259259259259259
