4 0.43037037037037035 0.4824074074074074 0.08148148148148149 0.12407407407407407
1 0.12814814814814815 0.8592592592592593 0.25333333333333335 0.2777777777777778
5 0.794074074074074 0.06944444444444445 0.04148148148148148 0.09444444444444444
5 0.05037037037037037 0.1824074074074074 0.056296296296296296 0.06111111111111111
5 0.07111111111111111 0.23703703703703705 0.023703703703703703 0.040740740740740744
5 0.02148148148148148 0.22592592592592592 0.016296296296296295 0.014814814814814815
5 0.5614814814814815 0.04351851851851852 0.02666666666666667 0.027777777777777776
5 0.5962962962962963 0.06111111111111111 0.013333333333333334 0.014814814814814815
5 0.6088888888888889 0.08611111111111111 0.017777777777777778 0.027777777777777776
5 0.6125925925925926 0.18333333333333332 0.025185185185185185 0.025925925925925925
5 0.682962962962963 0.07592592592592592 0.017777777777777778 0.018518518518518517
0 0.5903703703703703 0.5787037037037037 0.022222222222222223 0.03888888888888889
0 0.5696296296296296 0.6324074074074074 0.03111111111111111 0.046296296296296294
0 0.5592592592592592 0.6805555555555556 0.01925925925925926 0.016666666666666666
0 0.49777777777777776 0.7388888888888889 0.014814814814814815 0.014814814814814815
0 0.9525925925925925 0.3055555555555556 0.02074074074074074 0.025925925925925925
0 0.9325925925925926 0.2518518518518518 0.016296296296296295 0.018518518518518517
0 0.35185185185185186 0.37222222222222223 0.022222222222222223 0.025925925925925925
0 0.39185185185185184 0.3074074074074074 0.01925925925925926 0.018518518518518517
0 0.37703703703703706 0.375 0.016296296296296295 0.027777777777777776
0 0.3874074074074074 0.40185185185185185 0.025185185185185185 0.037037037037037035
0 0.35555555555555557 0.4824074074074074 0.02666666666666667 0.03148148148148148
0 0.3511111111111111 0.5157407407407407 0.02666666666666667 0.024074074074074074
0 0.36 0.5388888888888889 0.014814814814814815 0.011111111111111112
0 0.3488888888888889 0.18611111111111112 0.022222222222222223 0.020370370370370372
0 0.37777777777777777 0.175 0.02666666666666667 0.03148148148148148
0 0.362962962962963 0.11296296296296296 0.02666666666666667 0.044444444444444446
0 0.34814814814814815 0.019444444444444445 0.03259259259259259 0.016666666666666666
0 0.27555555555555555 0.040740740740740744 0.047407407407407405 0.014814814814814815
0 0.48518518518518516 0.004629629629629629 0.016296296296296295 0.009259259259259259
0 0.3362962962962963 0.08611111111111111 0.011851851851851851 0.012962962962962963
