4 0.5637037037037037 0.5481481481481482 0.0962962962962963 0.14074074074074075
1 0.11925925925925926 0.6240740740740741 0.23851851851851852 0.7481481481481481
5 0.16074074074074074 0.08611111111111111 0.04888888888888889 0.03888888888888889
5 0.14814814814814814 0.1648148148148148 0.07407407407407407 0.1037037037037037
5 0.17703703703703705 0.25092592592592594 0.05185185185185185 0.06111111111111111
5 0.21851851851851853 0.33055555555555555 0.01925925925925926 0.027777777777777776
5 0.02962962962962963 0.29444444444444445 0.014814814814814815 0.025925925925925925
5 0.17037037037037037 0.03425925925925926 0.056296296296296296 0.05
5 0.64 0.562037037037037 0.023703703703703703 0.03888888888888889
5 0.502962962962963 0.9648148148148148 0.037037037037037035 0.03333333333333333
5 0.9859259259259259 0.23148148148148148 0.01925925925925926 0.025925925925925925
5 0.3340740740740741 0.14907407407407408 0.016296296296296295 0.020370370370370372
5 0.30074074074074075 0.1814814814814815 0.023703703703703703 0.022222222222222223
5 0.02148148148148148 0.337037037037037 0.03111111111111111 0.05185185185185185
5 0.5451851851851852 0.8694444444444445 0.035555555555555556 0.027777777777777776
0 0.5496296296296296 0.35185185185185186 0.02962962962962963 0.022222222222222223
0 0.6177777777777778 0.041666666666666664 0.014814814814814815 0.016666666666666666
0 0.7888888888888889 0.07314814814814814 0.022222222222222223 0.020370370370370372
0 0.8533333333333334 0.12129629629629629 0.014814814814814815 0.016666666666666666
0 0.7814814814814814 0.13703703703703704 0.013333333333333334 0.014814814814814815
0 0.58 0.11296296296296296 0.016296296296296295 0.018518518518518517
0 0.5392592592592592 0.11666666666666667 0.023703703703703703 0.02962962962962963
0 0.48814814814814816 0.125 0.028148148148148148 0.020370370370370372
0 0.5355555555555556 0.19537037037037036 0.016296296296296295 0.027777777777777776
0 0.5148148148148148 0.20462962962962963 0.016296296296296295 0.009259259259259259
0 0.5466666666666666 0.4046296296296296 0.014814814814814815 0.012962962962962963
0 0.5207407407407407 0.4425925925925926 0.025185185185185185 0.022222222222222223
0 0.5466666666666666 0.4388888888888889 0.02666666666666667 0.03333333333333333
0 0.48592592592592593 0.6222222222222222 0.023703703703703703 0.02962962962962963
0 0.5585185185185185 0.7537037037037037 0.017777777777777778 0.022222222222222223
0 0.5733333333333334 0.7833333333333333 0.02666666666666667 0.025925925925925925
0 0.6185185185185185 0.8194444444444444 0.022222222222222223 0.016666666666666666
0 0.6666666666666666 0.625 0.014814814814814815 0.012962962962962963
0 0.6962962962962963 0.6833333333333333 0.06222222222222222 0.08148148148148149
0 0.7311111111111112 0.7388888888888889 0.016296296296296295 0.014814814814814815
5 0.7644444444444445 0.04351851851851852 0.02666666666666667 0.024074074074074074
5 0.5622222222222222 0.9407407407407408 0.037037037037037035 0.02962962962962963
