4 0.5866666666666667 0.5555555555555556 0.09777777777777778 0.13703703703703704
1 0.1362962962962963 0.5990740740740741 0.2725925925925926 0.7796296296296297
5 0.18222222222222223 0.16944444444444445 0.10962962962962963 0.23148148148148148
5 0.23777777777777778 0.3333333333333333 0.022222222222222223 0.025925925925925925
5 0.0437037037037037 0.2916666666666667 0.01925925925925926 0.020370370370370372
5 0.03333333333333333 0.34074074074074073 0.03111111111111111 0.04814814814814815
5 0.3237037037037037 0.18425925925925926 0.01925925925925926 0.024074074074074074
5 0.6622222222222223 0.5675925925925925 0.035555555555555556 0.04259259259259259
0 0.6407407407407407 0.044444444444444446 0.013333333333333334 0.014814814814814815
0 0.8066666666666666 0.1425925925925926 0.016296296296296295 0.018518518518518517
0 0.88 0.13148148148148148 0.011851851851851851 0.011111111111111112
0 0.7948148148148149 0.25277777777777777 0.016296296296296295 0.016666666666666666
0 0.5837037037037037 0.11851851851851852 0.06518518518518518 0.037037037037037035
0 0.5281481481481481 0.13333333333333333 0.01925925925925926 0.018518518518518517
0 0.56 0.19814814814814816 0.02074074074074074 0.03333333333333333
0 0.577037037037037 0.35185185185185186 0.025185185185185185 0.014814814814814815
0 0.5562962962962963 0.4462962962962963 0.045925925925925926 0.037037037037037035
0 0.5059259259259259 0.6351851851851852 0.025185185185185185 0.014814814814814815
0 0.7037037037037037 0.6342592592592593 0.05925925925925926 0.046296296296296294
0 0.7081481481481482 0.6990740740740741 0.07407407407407407 0.07962962962962963
0 0.7614814814814815 0.7027777777777777 0.02074074074074074 0.03148148148148148
0 0.5948148148148148 0.7157407407407408 0.013333333333333334 0.016666666666666666
0 0.5792592592592593 0.7388888888888889 0.023703703703703703 0.040740740740740744
0 0.5985185185185186 0.7870370370370371 0.04148148148148148 0.044444444444444446
0 0.6511111111111111 0.8231481481481482 0.054814814814814816 0.03148148148148148
0 0.16518518518518518 0.17407407407407408 0.013333333333333334 0.014814814814814815
0 0.7422222222222222 0.6148148148148148 0.017777777777777778 0.014814814814814815
5 0.7244444444444444 0.787962962962963 0.02962962962962963 0.03148148148148148
5 0.6081481481481481 0.9305555555555556 0.025185185185185185 0.03148148148148148
5 0.5081481481481481 0.5888888888888889 0.02074074074074074 0.025925925925925925
5 0.6792592592592592 0.7537037037037037 0.025185185185185185 0.022222222222222223
5 0.7407407407407407 0.5527777777777778 0.014814814814814815 0.024074074074074074
5 0.5896296296296296 0.9629629629629629 0.035555555555555556 0.044444444444444446
5 0.5488888888888889 0.8796296296296297 0.022222222222222223 0.025925925925925925
5 0.5733333333333334 0.8796296296296297 0.02074074074074074 0.025925925925925925
5 0.5088888888888888 0.9111111111111111 0.037037037037037035 0.025925925925925925
5 0.5444444444444444 0.937962962962963 0.025185185185185185 0.027777777777777776
5 0.5088888888888888 0.9398148148148148 0.016296296296296295 0.016666666666666666
5 0.5237037037037037 0.9777777777777777 0.01925925925925926 0.014814814814814815
5 0.7192592592592593 0.5518518518518518 0.025185185185185185 0.025925925925925925
