4 0.6622222222222223 0.5388888888888889 0.10962962962962963 0.15185185185185185
1 0.10444444444444445 0.562037037037037 0.20592592592592593 0.8611111111111112
5 0.2859259259259259 0.5361111111111111 0.017777777777777778 0.016666666666666666
5 0.3088888888888889 0.3333333333333333 0.013333333333333334 0.018518518518518517
5 0.3162962962962963 0.2518518518518518 0.01925925925925926 0.025925925925925925
5 0.24592592592592594 0.05185185185185185 0.09481481481481481 0.0962962962962963
5 0.2911111111111111 0.20555555555555555 0.016296296296296295 0.018518518518518517
5 0.2785185185185185 0.14444444444444443 0.06814814814814815 0.08888888888888889
5 0.40296296296296297 0.11296296296296296 0.017777777777777778 0.022222222222222223
5 0.43407407407407406 0.05740740740740741 0.014814814814814815 0.022222222222222223
5 0.05925925925925926 0.14722222222222223 0.02074074074074074 0.024074074074074074
5 0.9125925925925926 0.13148148148148148 0.02074074074074074 0.03333333333333333
5 0.5844444444444444 0.03425925925925926 0.01925925925925926 0.024074074074074074
5 0.7466666666666667 0.09814814814814815 0.02666666666666667 0.025925925925925925
5 0.8911111111111111 0.2111111111111111 0.016296296296296295 0.022222222222222223
0 0.7659259259259259 0.42314814814814816 0.056296296296296296 0.05740740740740741
0 0.7081481481481482 0.3138888888888889 0.06814814814814815 0.03148148148148148
0 0.6637037037037037 0.4111111111111111 0.035555555555555556 0.044444444444444446
0 0.6955555555555556 0.05925925925925926 0.025185185185185185 0.018518518518518517
0 0.66 0.08425925925925926 0.01037037037037037 0.009259259259259259
0 0.7088888888888889 0.08796296296296297 0.013333333333333334 0.016666666666666666
0 0.682962962962963 0.11574074074074074 0.03259259259259259 0.03148148148148148
0 0.7088888888888889 0.10833333333333334 0.013333333333333334 0.016666666666666666
0 0.7066666666666667 0.15925925925925927 0.044444444444444446 0.022222222222222223
0 0.654074074074074 0.1712962962962963 0.025185185185185185 0.020370370370370372
0 0.8103703703703704 0.5444444444444444 0.03259259259259259 0.025925925925925925
0 0.8333333333333334 0.5546296296296296 0.025185185185185185 0.03888888888888889
0 0.582962962962963 0.6305555555555555 0.013333333333333334 0.020370370370370372
0 0.8237037037037037 0.6111111111111112 0.02666666666666667 0.014814814814814815
0 0.7881481481481482 0.6472222222222223 0.06222222222222222 0.08703703703703704
0 0.8548148148148148 0.6981481481481482 0.02074074074074074 0.044444444444444446
0 0.7562962962962962 0.6861111111111111 0.028148148148148148 0.020370370370370372
0 0.762962962962963 0.7157407407407408 0.02074074074074074 0.016666666666666666
0 0.8244444444444444 0.7777777777777778 0.034074074074074076 0.06296296296296296
0 0.6622222222222223 0.7194444444444444 0.05037037037037037 0.08333333333333333
0 0.7007407407407408 0.7296296296296296 0.011851851851851851 0.014814814814814815
0 0.705925925925926 0.7537037037037037 0.022222222222222223 0.022222222222222223
0 0.6622222222222223 0.7916666666666666 0.017777777777777778 0.020370370370370372
0 0.6837037037037037 0.8157407407407408 0.025185185185185185 0.027777777777777776
0 0.7362962962962963 0.8398148148148148 0.02074074074074074 0.020370370370370372
0 0.7385185185185185 0.012962962962962963 0.013333333333333334 0.014814814814814815
5 0.9066666666666666 0.19444444444444445 0.017777777777777778 0.025925925925925925
5 0.7392592592592593 0.5574074074074075 0.02666666666666667 0.040740740740740744
0 0.7444444444444445 0.5509259259259259 0.01037037037037037 0.012962962962962963
0 0.7422222222222222 0.5703703703703704 0.008888888888888889 0.014814814814814815
0 0.7577777777777778 0.5462962962962963 0.007407407407407408 0.014814814814814815
