6 0.24592592592592594 0.7351851851851852 0.4888888888888889 0.5222222222222223
1 0.08222222222222222 0.37407407407407406 0.15851851851851853 0.6777777777777778
1 0.15703703703703703 0.8046296296296296 0.30518518518518517 0.38333333333333336
2 0.9859259259259259 0.9657407407407408 0.01925925925925926 0.024074074074074074
0 0.8296296296296296 0.012962962962962963 0.014814814814814815 0.014814814814814815
0 0.7140740740740741 0.12129629629629629 0.02074074074074074 0.027777777777777776
0 0.6281481481481481 0.07685185185185185 0.014814814814814815 0.016666666666666666
0 0.5822222222222222 0.2388888888888889 0.017777777777777778 0.018518518518518517
0 0.7466666666666667 0.30925925925925923 0.017777777777777778 0.018518518518518517
0 0.6718518518518518 0.3611111111111111 0.013333333333333334 0.014814814814814815
0 0.5222222222222223 0.4601851851851852 0.028148148148148148 0.04259259259259259
0 0.5992592592592593 0.674074074074074 0.016296296296296295 0.03333333333333333
0 0.6192592592592593 0.025925925925925925 0.014814814814814815 0.018518518518518517
0 0.41703703703703704 0.10925925925925926 0.01925925925925926 0.022222222222222223
0 0.23851851851851852 0.28055555555555556 0.011851851851851851 0.024074074074074074
0 0.2074074074074074 0.2722222222222222 0.017777777777777778 0.025925925925925925
0 0.22814814814814816 0.575925925925926 0.011851851851851851 0.014814814814814815
0 0.2362962962962963 0.5583333333333333 0.013333333333333334 0.012962962962962963
0 0.2511111111111111 0.5296296296296297 0.016296296296296295 0.011111111111111112
0 0.1711111111111111 0.3972222222222222 0.013333333333333334 0.012962962962962963
0 0.19925925925925925 0.3675925925925926 0.01037037037037037 0.016666666666666666
0 0.16444444444444445 0.1685185185185185 0.014814814814814815 0.018518518518518517
5 0.36592592592592593 0.03888888888888889 0.05333333333333334 0.05185185185185185
5 0.2051851851851852 0.040740740740740744 0.06962962962962962 0.08148148148148149
5 0.21185185185185185 0.3972222222222222 0.16592592592592592 0.3611111111111111
5 0.16592592592592592 0.5861111111111111 0.11259259259259259 0.06111111111111111
5 0.1274074074074074 0.4546296296296296 0.08 0.17962962962962964
5 0.33925925925925926 0.9361111111111111 0.09777777777777778 0.11666666666666667
5 0.25333333333333335 0.9703703703703703 0.11851851851851852 0.04814814814814815
5 0.6281481481481481 0.7583333333333333 0.02666666666666667 0.03148148148148148
5 0.6585185185185185 0.7888888888888889 0.034074074074074076 0.040740740740740744
5 0.5503703703703704 0.7351851851851852 0.037037037037037035 0.05185185185185185
5 0.48074074074074075 0.6944444444444444 0.028148148148148148 0.02962962962962963
5 0.43333333333333335 0.14907407407407408 0.025185185185185185 0.03888888888888889
4 0.8681481481481481 0.49907407407407406 0.2577777777777778 0.9944444444444445
