2 0.9866666666666667 0.9657407407407408 0.017777777777777778 0.024074074074074074
1 0.06592592592592593 0.5574074074074075 0.1288888888888889 0.6111111111111112
0 0.9348148148148148 0.20277777777777778 0.017777777777777778 0.027777777777777776
0 0.914074074074074 0.24259259259259258 0.03259259259259259 0.037037037037037035
0 0.84 0.20092592592592592 0.014814814814814815 0.016666666666666666
0 0.597037037037037 0.026851851851851852 0.02666666666666667 0.04259259259259259
0 0.5948148148148148 0.06944444444444445 0.022222222222222223 0.027777777777777776
0 0.5822222222222222 0.11388888888888889 0.014814814814814815 0.024074074074074074
0 0.5844444444444444 0.16574074074074074 0.028148148148148148 0.05
0 0.3377777777777778 0.021296296296296296 0.03259259259259259 0.04259259259259259
0 0.14814814814814814 0.049074074074074076 0.023703703703703703 0.046296296296296294
0 0.12962962962962962 0.014814814814814815 0.013333333333333334 0.014814814814814815
0 0.07407407407407407 0.10277777777777777 0.017777777777777778 0.020370370370370372
0 0.09555555555555556 0.1574074074074074 0.04 0.05185185185185185
0 0.2074074074074074 0.23148148148148148 0.03259259259259259 0.07037037037037037
0 0.22296296296296297 0.3453703703703704 0.05185185185185185 0.10185185185185185
0 0.34814814814814815 0.21203703703703702 0.02074074074074074 0.027777777777777776
0 0.36074074074074075 0.26481481481481484 0.013333333333333334 0.025925925925925925
0 0.35555555555555557 0.5157407407407407 0.023703703703703703 0.04259259259259259
0 0.5807407407407408 0.38981481481481484 0.02666666666666667 0.03888888888888889
0 0.68 0.4185185185185185 0.02666666666666667 0.044444444444444446
0 0.605925925925926 0.45555555555555555 0.02074074074074074 0.03333333333333333
0 0.5740740740740741 0.5074074074074074 0.01925925925925926 0.02962962962962963
0 0.7251851851851852 0.6074074074074074 0.016296296296296295 0.025925925925925925
0 0.21185185185185185 0.8907407407407407 0.02666666666666667 0.07037037037037037
0 0.18296296296296297 0.8888888888888888 0.022222222222222223 0.037037037037037035
0 0.11333333333333333 0.8888888888888888 0.04888888888888889 0.06666666666666667
0 0.061481481481481484 0.8157407407407408 0.03111111111111111 0.06111111111111111
0 0.21037037037037037 0.9824074074074074 0.023703703703703703 0.024074074074074074
0 0.30444444444444446 0.44537037037037036 0.016296296296296295 0.027777777777777776
0 0.28444444444444444 0.43425925925925923 0.014814814814814815 0.027777777777777776
0 0.2607407407407407 0.39537037037037037 0.014814814814814815 0.024074074074074074
0 0.09555555555555556 0.48518518518518516 0.01925925925925926 0.040740740740740744
0 0.2874074074074074 0.38796296296296295 0.014814814814814815 0.027777777777777776
0 0.4288888888888889 0.028703703703703703 0.03111111111111111 0.03148148148148148
4 0.9503703703703704 0.5388888888888889 0.0962962962962963 0.8592592592592593
4 0.8681481481481481 0.9175925925925926 0.2548148148148148 0.1574074074074074
3 0.16074074074074074 0.5407407407407407 0.31851851851851853 0.9111111111111111
