4 0.4051851851851852 0.33611111111111114 0.1288888888888889 0.1685185185185185
5 0.3340740740740741 0.9657407407407408 0.01925925925925926 0.020370370370370372
0 0.28296296296296297 0.31666666666666665 0.02962962962962963 0.04814814814814815
0 0.36074074074074075 0.23425925925925925 0.022222222222222223 0.03148148148148148
0 0.39481481481481484 0.20833333333333334 0.025185185185185185 0.020370370370370372
0 0.3814814814814815 0.06851851851851852 0.022222222222222223 0.025925925925925925
0 0.302962962962963 0.16666666666666666 0.025185185185185185 0.022222222222222223
0 0.32222222222222224 0.1824074074074074 0.013333333333333334 0.009259259259259259
0 0.2911111111111111 0.22592592592592592 0.016296296296296295 0.014814814814814815
0 0.3111111111111111 0.32037037037037036 0.017777777777777778 0.022222222222222223
0 0.5 0.31574074074074077 0.022222222222222223 0.012962962962962963
0 0.4962962962962963 0.3416666666666667 0.023703703703703703 0.020370370370370372
0 0.6466666666666666 0.3925925925925926 0.01925925925925926 0.022222222222222223
0 0.6866666666666666 0.462037037037037 0.037037037037037035 0.08333333333333333
0 0.6718518518518518 0.5694444444444444 0.057777777777777775 0.07962962962962963
0 0.5918518518518519 0.5453703703703704 0.025185185185185185 0.027777777777777776
0 0.5822222222222222 0.5768518518518518 0.014814814814814815 0.016666666666666666
0 0.6007407407407407 0.6175925925925926 0.034074074074074076 0.04259259259259259
0 0.6340740740740741 0.6407407407407407 0.03259259259259259 0.018518518518518517
0 0.6118518518518519 0.6657407407407407 0.02962962962962963 0.03518518518518519
0 0.617037037037037 0.7037037037037037 0.028148148148148148 0.022222222222222223
0 0.6325925925925926 0.4537037037037037 0.017777777777777778 0.025925925925925925
0 0.6325925925925926 0.49166666666666664 0.047407407407407405 0.046296296296296294
0 0.5214814814814814 0.6351851851851852 0.02074074074074074 0.03333333333333333
