4 0.47333333333333333 0.2722222222222222 0.08148148148148149 0.11851851851851852
1 0.1874074074074074 0.7083333333333334 0.3748148148148148 0.575925925925926
1 0.5562962962962963 0.8472222222222222 0.36 0.30185185185185187
5 0.2325925925925926 0.375 0.017777777777777778 0.024074074074074074
5 0.10962962962962963 0.11203703703703703 0.014814814814814815 0.012962962962962963
5 0.18888888888888888 0.06388888888888888 0.016296296296296295 0.020370370370370372
5 0.8740740740740741 0.14537037037037037 0.017777777777777778 0.016666666666666666
0 0.5977777777777777 0.39166666666666666 0.016296296296296295 0.03518518518518519
0 0.41259259259259257 0.26851851851851855 0.01925925925925926 0.025925925925925925
0 0.43333333333333335 0.023148148148148147 0.013333333333333334 0.016666666666666666
0 0.43851851851851853 0.1287037037037037 0.008888888888888889 0.012962962962962963
5 0.4088888888888889 0.30092592592592593 0.014814814814814815 0.020370370370370372
0 0.5274074074074074 0.26666666666666666 0.011851851851851851 0.014814814814814815
