1 0.12148148148148148 0.5370370370370371 0.24296296296296296 0.825925925925926
2 0.9859259259259259 0.9657407407407408 0.01925925925925926 0.027777777777777776
5 0.6385185185185185 0.8425925925925926 0.044444444444444446 0.05185185185185185
5 0.23703703703703705 0.012962962962962963 0.06814814814814815 0.025925925925925925
5 0.2814814814814815 0.04814814814814815 0.06222222222222222 0.05185185185185185
5 0.31555555555555553 0.08796296296296297 0.08 0.08333333333333333
5 0.4111111111111111 0.8305555555555556 0.04888888888888889 0.07222222222222222
0 0.28296296296296297 0.7453703703703703 0.03259259259259259 0.03518518518518519
0 0.4237037037037037 0.8518518518518519 0.011851851851851851 0.014814814814814815
0 0.10222222222222223 0.2324074074074074 0.023703703703703703 0.020370370370370372
0 0.32666666666666666 0.1037037037037037 0.03111111111111111 0.04814814814814815
0 0.36814814814814817 0.0824074074074074 0.013333333333333334 0.020370370370370372
0 0.6503703703703704 0.10740740740740741 0.023703703703703703 0.03333333333333333
0 0.5451851851851852 0.014814814814814815 0.017777777777777778 0.014814814814814815
0 0.5548148148148148 0.06944444444444445 0.013333333333333334 0.016666666666666666
0 0.8881481481481481 0.04259259259259259 0.034074074074074076 0.05185185185185185
0 0.9192592592592592 0.1 0.01037037037037037 0.014814814814814815
0 0.6888888888888889 0.31296296296296294 0.017777777777777778 0.02962962962962963
0 0.2859259259259259 0.041666666666666664 0.014814814814814815 0.012962962962962963
0 0.2637037037037037 0.028703703703703703 0.008888888888888889 0.012962962962962963
0 0.19037037037037038 0.040740740740740744 0.013333333333333334 0.014814814814814815
0 0.21851851851851853 0.005555555555555556 0.013333333333333334 0.007407407407407408
0 0.64 0.8388888888888889 0.02666666666666667 0.022222222222222223
0 0.22666666666666666 0.6777777777777778 0.023703703703703703 0.02962962962962963
0 0.1111111111111111 0.4546296296296296 0.03259259259259259 0.03518518518518519
5 0.45555555555555555 0.2388888888888889 0.028148148148148148 0.025925925925925925
5 0.33925925925925926 0.14722222222222223 0.02962962962962963 0.027777777777777776
0 0.6703703703703704 0.21944444444444444 0.01037037037037037 0.016666666666666666
0 0.6925925925925925 0.2064814814814815 0.013333333333333334 0.016666666666666666
4 0.9740740740740741 0.5435185185185185 0.045925925925925926 0.7722222222222223
0 0.09703703703703703 0.8518518518518519 0.022222222222222223 0.025925925925925925
0 0.11851851851851852 0.9018518518518519 0.044444444444444446 0.05185185185185185
0 0.16814814814814816 0.9722222222222222 0.025185185185185185 0.02962962962962963
