4 0.4051851851851852 0.337037037037037 0.12296296296296297 0.17037037037037037
5 0.522962962962963 0.41759259259259257 0.02666666666666667 0.027777777777777776
5 0.6325925925925926 0.4537037037037037 0.023703703703703703 0.025925925925925925
0 0.6466666666666666 0.39444444444444443 0.022222222222222223 0.025925925925925925
0 0.6651851851851852 0.4148148148148148 0.014814814814814815 0.014814814814814815
0 0.6844444444444444 0.46296296296296297 0.03259259259259259 0.08148148148148149
0 0.6733333333333333 0.5703703703703704 0.054814814814814816 0.07777777777777778
0 0.6348148148148148 0.4925925925925926 0.05185185185185185 0.05185185185185185
0 0.5933333333333334 0.5462962962962963 0.025185185185185185 0.02962962962962963
0 0.58 0.5787037037037037 0.016296296296296295 0.020370370370370372
0 0.6 0.6185185185185185 0.03259259259259259 0.05185185185185185
0 0.6303703703703704 0.6407407407407407 0.028148148148148148 0.022222222222222223
0 0.6140740740740741 0.6666666666666666 0.025185185185185185 0.03333333333333333
0 0.6133333333333333 0.7064814814814815 0.03259259259259259 0.024074074074074074
0 0.5192592592592593 0.6370370370370371 0.028148148148148148 0.03333333333333333
0 0.2822222222222222 0.31574074074074077 0.025185185185185185 0.03888888888888889
0 0.37925925925925924 0.07222222222222222 0.02074074074074074 0.022222222222222223
0 0.39555555555555555 0.20833333333333334 0.02074074074074074 0.020370370370370372
0 0.30148148148148146 0.16666666666666666 0.028148148148148148 0.022222222222222223
0 0.32296296296296295 0.18518518518518517 0.011851851851851851 0.014814814814814815
0 0.29259259259259257 0.22962962962962963 0.022222222222222223 0.022222222222222223
0 0.36 0.23148148148148148 0.02074074074074074 0.018518518518518517
0 0.2940740740740741 0.2 0.013333333333333334 0.014814814814814815
0 0.30814814814814817 0.3194444444444444 0.014814814814814815 0.027777777777777776
0 0.5 0.3148148148148148 0.01925925925925926 0.014814814814814815
0 0.49703703703703705 0.3416666666666667 0.01925925925925926 0.020370370370370372
5 0.3288888888888889 0.25462962962962965 0.02074074074074074 0.020370370370370372
5 0.36 0.6342592592592593 0.017777777777777778 0.024074074074074074
0 0.542962962962963 0.6768518518518518 0.016296296296296295 0.03518518518518519
