1 0.07629629629629629 0.65 0.15259259259259259 0.6925925925925925
1 0.28814814814814815 0.8240740740740741 0.26814814814814814 0.34814814814814815
0 0.5303703703703704 0.08611111111111111 0.03851851851851852 0.03148148148148148
0 0.5185185185185185 0.2222222222222222 0.05333333333333334 0.03333333333333333
0 0.4362962962962963 0.19444444444444445 0.037037037037037035 0.022222222222222223
0 0.43037037037037035 0.22314814814814815 0.01925925925925926 0.020370370370370372
0 0.46370370370370373 0.225 0.017777777777777778 0.016666666666666666
0 0.4785185185185185 0.25 0.023703703703703703 0.025925925925925925
0 0.44074074074074077 0.2564814814814815 0.037037037037037035 0.05
0 0.42962962962962964 0.32222222222222224 0.017777777777777778 0.03333333333333333
0 0.4311111111111111 0.3685185185185185 0.011851851851851851 0.022222222222222223
0 0.6259259259259259 0.35 0.028148148148148148 0.04814814814814815
0 0.6525925925925926 0.43703703703703706 0.028148148148148148 0.02962962962962963
0 0.762962962962963 0.3972222222222222 0.06518518518518518 0.05740740740740741
0 0.7911111111111111 0.48333333333333334 0.04148148148148148 0.09259259259259259
0 0.774074074074074 0.587037037037037 0.045925925925925926 0.07407407407407407
0 0.7325925925925926 0.4777777777777778 0.028148148148148148 0.06296296296296296
0 0.6903703703703704 0.5435185185185185 0.02962962962962963 0.03888888888888889
0 0.674074074074074 0.5935185185185186 0.06222222222222222 0.08703703703703704
0 0.6874074074074074 0.6759259259259259 0.05333333333333334 0.07777777777777778
0 0.7340740740740741 0.6546296296296297 0.028148148148148148 0.024074074074074074
0 0.7303703703703703 0.6814814814814815 0.02074074074074074 0.022222222222222223
0 0.5644444444444444 0.712037037037037 0.03259259259259259 0.03148148148148148
0 0.6096296296296296 0.687037037037037 0.09333333333333334 0.07777777777777778
0 0.49037037037037035 0.6074074074074074 0.02666666666666667 0.07407407407407407
0 0.49777777777777776 0.5435185185185185 0.014814814814814815 0.016666666666666666
0 0.5074074074074074 0.5046296296296297 0.013333333333333334 0.012962962962962963
4 0.5288888888888889 0.3416666666666667 0.12444444444444444 0.16111111111111112
