0 0.8970370370370371 0.062037037037037036 0.037037037037037035 0.05740740740740741
0 0.9259259259259259 0.11944444444444445 0.014814814814814815 0.016666666666666666
0 0.7807407407407407 0.010185185185185186 0.017777777777777778 0.020370370370370372
0 0.5562962962962963 0.04814814814814815 0.01925925925925926 0.025925925925925925
0 0.5674074074074074 0.10277777777777777 0.017777777777777778 0.024074074074074074
0 0.66 0.14351851851851852 0.028148148148148148 0.03518518518518519
0 0.7066666666666667 0.23981481481481481 0.011851851851851851 0.024074074074074074
0 0.7037037037037037 0.34444444444444444 0.02074074074074074 0.037037037037037035
0 0.822962962962963 0.6833333333333333 0.013333333333333334 0.022222222222222223
0 0.8474074074074074 0.6351851851851852 0.011851851851851851 0.018518518518518517
0 0.2288888888888889 0.026851851851851852 0.028148148148148148 0.03148148148148148
0 0.25851851851851854 0.005555555555555556 0.022222222222222223 0.011111111111111112
0 0.2940740740740741 0.075 0.013333333333333334 0.024074074074074074
0 0.3348148148148148 0.14814814814814814 0.02666666666666667 0.044444444444444446
0 0.37851851851851853 0.11851851851851852 0.016296296296296295 0.022222222222222223
0 0.35259259259259257 0.18981481481481483 0.02074074074074074 0.020370370370370372
0 0.2851851851851852 0.017592592592592594 0.01037037037037037 0.016666666666666666
2 0.9866666666666667 0.9666666666666667 0.02074074074074074 0.022222222222222223
1 0.14962962962962964 0.5416666666666666 0.2992592592592593 0.9092592592592592
5 0.6570370370370371 0.8731481481481481 0.037037037037037035 0.04259259259259259
5 0.4703703703703704 0.2796296296296296 0.028148148148148148 0.037037037037037035
5 0.24296296296296296 0.028703703703703703 0.06518518518518518 0.05740740740740741
5 0.2896296296296296 0.07685185185185185 0.06074074074074074 0.06851851851851852
5 0.3214814814814815 0.13240740740740742 0.07111111111111111 0.09074074074074075
5 0.3540740740740741 0.18611111111111112 0.03851851851851852 0.03888888888888889
0 0.12148148148148148 0.2916666666666667 0.017777777777777778 0.03148148148148148
0 0.27185185185185184 0.7574074074074074 0.028148148148148148 0.040740740740740744
4 0.9577777777777777 0.5027777777777778 0.07555555555555556 0.8055555555555556
4 0.8925925925925926 0.9148148148148149 0.20592592592592593 0.14814814814814814
3 0.1622222222222222 0.55 0.3214814814814815 0.8888888888888888
