4 0.28074074074074074 0.33055555555555555 0.10518518518518519 0.18333333333333332
5 0.3511111111111111 0.2962962962962963 0.02962962962962963 0.025925925925925925
5 0.34814814814814815 0.3296296296296296 0.02962962962962963 0.022222222222222223
0 0.16074074074074074 0.31203703703703706 0.016296296296296295 0.024074074074074074
0 0.15777777777777777 0.33425925925925926 0.01925925925925926 0.020370370370370372
0 0.18296296296296297 0.16944444444444445 0.022222222222222223 0.027777777777777776
0 0.17407407407407408 0.21388888888888888 0.016296296296296295 0.046296296296296294
0 0.2562962962962963 0.06944444444444445 0.017777777777777778 0.027777777777777776
0 0.16666666666666666 0.11481481481481481 0.016296296296296295 0.03333333333333333
0 0.35555555555555557 0.29444444444444445 0.011851851851851851 0.014814814814814815
0 0.3548148148148148 0.3296296296296296 0.01037037037037037 0.011111111111111112
0 0.542962962962963 0.45740740740740743 0.022222222222222223 0.02962962962962963
0 0.4948148148148148 0.42592592592592593 0.011851851851851851 0.003703703703703704
0 0.48592592592592593 0.5555555555555556 0.07111111111111111 0.1111111111111111
0 0.49037037037037035 0.6240740740740741 0.023703703703703703 0.025925925925925925
0 0.5155555555555555 0.4740740740740741 0.04148148148148148 0.04814814814814815
0 0.47703703703703704 0.48055555555555557 0.02074074074074074 0.016666666666666666
0 0.49407407407407405 0.42685185185185187 0.016296296296296295 0.016666666666666666
