4 0.5703703703703704 0.35555555555555557 0.11851851851851852 0.15185185185185185
1 0.06074074074074074 0.6027777777777777 0.12148148148148148 0.7907407407407407
1 0.22814814814814816 0.7888888888888889 0.2074074074074074 0.4148148148148148
5 0.0674074074074074 0.14074074074074075 0.022222222222222223 0.02962962962962963
0 0.6333333333333333 0.0962962962962963 0.013333333333333334 0.025925925925925925
0 0.5785185185185185 0.10462962962962963 0.037037037037037035 0.024074074074074074
0 0.8474074074074074 0.012037037037037037 0.011851851851851851 0.016666666666666666
0 0.86 0.027777777777777776 0.016296296296296295 0.02962962962962963
0 0.6755555555555556 0.23148148148148148 0.02666666666666667 0.02962962962962963
0 0.5518518518518518 0.24444444444444444 0.025185185185185185 0.018518518518518517
0 0.6711111111111111 0.35648148148148145 0.02666666666666667 0.016666666666666666
0 0.6622222222222223 0.38055555555555554 0.011851851851851851 0.012962962962962963
0 0.774074074074074 0.39351851851851855 0.025185185185185185 0.024074074074074074
0 0.802962962962963 0.37777777777777777 0.011851851851851851 0.014814814814814815
0 0.8014814814814815 0.4074074074074074 0.011851851851851851 0.018518518518518517
0 0.7785185185185185 0.4305555555555556 0.025185185185185185 0.020370370370370372
0 0.7651851851851852 0.47314814814814815 0.022222222222222223 0.053703703703703705
0 0.8155555555555556 0.5009259259259259 0.028148148148148148 0.06851851851851852
0 0.8125925925925926 0.5694444444444444 0.01925925925925926 0.016666666666666666
0 0.7985185185185185 0.5981481481481481 0.035555555555555556 0.05185185185185185
0 0.7222222222222222 0.5481481481481482 0.025185185185185185 0.02962962962962963
0 0.6903703703703704 0.4601851851851852 0.017777777777777778 0.024074074074074074
0 0.6888888888888889 0.5657407407407408 0.02074074074074074 0.024074074074074074
0 0.7066666666666667 0.5898148148148148 0.023703703703703703 0.027777777777777776
0 0.6807407407407408 0.600925925925926 0.025185185185185185 0.04259259259259259
0 0.7622222222222222 0.6712962962962963 0.01925925925925926 0.03888888888888889
0 0.6118518518518519 0.6037037037037037 0.011851851851851851 0.018518518518518517
0 0.5422222222222223 0.5518518518518518 0.011851851851851851 0.018518518518518517
0 0.5377777777777778 0.6212962962962963 0.023703703703703703 0.046296296296296294
0 0.5585185185185185 0.6601851851851852 0.02074074074074074 0.016666666666666666
0 0.6622222222222223 0.6962962962962963 0.15703703703703703 0.05925925925925926
0 0.4748148148148148 0.8537037037037037 0.016296296296296295 0.018518518518518517
0 0.56 0.8583333333333333 0.02074074074074074 0.012962962962962963
0 0.5325925925925926 0.8055555555555556 0.016296296296296295 0.014814814814814815
0 0.1474074074074074 0.425 0.01925925925925926 0.03148148148148148
0 0.47185185185185186 0.34444444444444444 0.013333333333333334 0.014814814814814815
0 0.4762962962962963 0.37962962962962965 0.01037037037037037 0.014814814814814815
0 0.4740740740740741 0.2111111111111111 0.014814814814814815 0.014814814814814815
0 0.5014814814814815 0.22685185185185186 0.013333333333333334 0.012962962962962963
0 0.5088888888888888 0.2490740740740741 0.016296296296296295 0.024074074074074074
0 0.5274074074074074 0.262037037037037 0.011851851851851851 0.016666666666666666
0 0.5170370370370371 0.26666666666666666 0.011851851851851851 0.014814814814814815
0 0.4918518518518519 0.24537037037037038 0.014814814814814815 0.012962962962962963
0 0.697037037037037 0.6425925925925926 0.025185185185185185 0.03333333333333333
0 0.1748148148148148 0.45925925925925926 0.017777777777777778 0.014814814814814815
0 0.0674074074074074 0.13796296296296295 0.016296296296296295 0.016666666666666666
0 0.4822222222222222 0.812037037037037 0.016296296296296295 0.016666666666666666
0 0.5192592592592593 0.875 0.013333333333333334 0.012962962962962963
5 0.5474074074074075 0.8333333333333334 0.04888888888888889 0.03333333333333333
