4 0.34814814814814815 0.45092592592592595 0.07703703703703704 0.12407407407407407
1 0.8533333333333334 0.8092592592592592 0.24296296296296296 0.37407407407407406
5 0.4022222222222222 0.45092592592592595 0.01925925925925926 0.020370370370370372
5 0.825925925925926 0.774074074074074 0.01925925925925926 0.022222222222222223
5 0.5111111111111111 0.05740740740740741 0.023703703703703703 0.02962962962962963
5 0.677037037037037 0.07314814814814814 0.044444444444444446 0.1388888888888889
5 0.6585185185185185 0.16574074074074074 0.01925925925925926 0.020370370370370372
5 0.7896296296296297 0.19907407407407407 0.02666666666666667 0.03518518518518519
5 0.8044444444444444 0.25 0.017777777777777778 0.022222222222222223
0 0.25925925925925924 0.07314814814814814 0.011851851851851851 0.016666666666666666
0 0.2762962962962963 0.10462962962962963 0.037037037037037035 0.04259259259259259
0 0.30666666666666664 0.2962962962962963 0.014814814814814815 0.02962962962962963
0 0.2859259259259259 0.337037037037037 0.017777777777777778 0.022222222222222223
0 0.2985185185185185 0.1574074074074074 0.016296296296296295 0.03333333333333333
0 0.27555555555555555 0.17037037037037037 0.02962962962962963 0.02962962962962963
0 0.2777777777777778 0.14351851851851852 0.013333333333333334 0.024074074074074074
0 0.20592592592592593 0.03611111111111111 0.02074074074074074 0.020370370370370372
0 0.2688888888888889 0.45740740740740743 0.013333333333333334 0.022222222222222223
0 0.2874074074074074 0.44722222222222224 0.011851851851851851 0.020370370370370372
5 0.31851851851851853 0.362962962962963 0.02074074074074074 0.018518518518518517
5 0.2851851851851852 0.4777777777777778 0.016296296296296295 0.022222222222222223
5 0.3148148148148148 0.14444444444444443 0.022222222222222223 0.02962962962962963
5 0.24962962962962962 0.025 0.054814814814814816 0.03148148148148148
5 0.2896296296296296 0.014814814814814815 0.022222222222222223 0.02962962962962963
