4 0.4948148148148148 0.26666666666666666 0.08296296296296296 0.1111111111111111
1 0.14074074074074075 0.6935185185185185 0.2785185185185185 0.6092592592592593
1 0.49333333333333335 0.8194444444444444 0.4237037037037037 0.3574074074074074
5 0.6333333333333333 0.3453703703703704 0.01925925925925926 0.024074074074074074
5 0.1362962962962963 0.11018518518518519 0.017777777777777778 0.016666666666666666
5 0.4562962962962963 0.019444444444444445 0.023703703703703703 0.020370370370370372
0 0.6148148148148148 0.3888888888888889 0.02666666666666667 0.037037037037037035
0 0.42962962962962964 0.26944444444444443 0.017777777777777778 0.027777777777777776
0 0.42814814814814817 0.17407407407407408 0.011851851851851851 0.014814814814814815
0 0.44222222222222224 0.17685185185185184 0.013333333333333334 0.012962962962962963
0 0.4577777777777778 0.1259259259259259 0.005925925925925926 0.018518518518518517
0 0.5481481481481482 0.26666666666666666 0.005925925925925926 0.011111111111111112
5 0.5503703703703704 0.27314814814814814 0.013333333333333334 0.03518518518518519
5 0.46814814814814815 0.11851851851851852 0.014814814814814815 0.025925925925925925
5 0.4525925925925926 0.18981481481481483 0.016296296296296295 0.020370370370370372
5 0.4311111111111111 0.29907407407407405 0.02074074074074074 0.027777777777777776
5 0.25333333333333335 0.3611111111111111 0.02666666666666667 0.022222222222222223
5 0.2762962962962963 0.39166666666666666 0.01925925925925926 0.03148148148148148
5 0.1925925925925926 0.027777777777777776 0.017777777777777778 0.018518518518518517
