1 0.1562962962962963 0.5287037037037037 0.3125925925925926 0.9388888888888889
5 0.25037037037037035 0.04722222222222222 0.05925925925925926 0.06851851851851852
5 0.2948148148148148 0.1 0.04148148148148148 0.04814814814814815
0 0.9311111111111111 0.13518518518518519 0.01037037037037037 0.018518518518518517
0 0.9125925925925926 0.08518518518518518 0.02666666666666667 0.037037037037037035
0 0.7874074074074074 0.021296296296296296 0.013333333333333334 0.020370370370370372
0 0.5637037037037037 0.06481481481481481 0.013333333333333334 0.018518518518518517
0 0.5762962962962963 0.12407407407407407 0.011851851851851851 0.025925925925925925
0 0.6703703703703704 0.16296296296296298 0.025185185185185185 0.037037037037037035
0 0.7133333333333334 0.36574074074074076 0.016296296296296295 0.03148148148148148
0 0.7140740740740741 0.262037037037037 0.008888888888888889 0.020370370370370372
0 0.8303703703703704 0.7055555555555556 0.01037037037037037 0.018518518518518517
0 0.8540740740740741 0.6555555555555556 0.01037037037037037 0.018518518518518517
0 0.3437037037037037 0.17314814814814813 0.02666666666666667 0.053703703703703705
0 0.23555555555555555 0.04722222222222222 0.023703703703703703 0.03518518518518519
0 0.2644444444444444 0.020370370370370372 0.013333333333333334 0.025925925925925925
0 0.2814814814814815 0.08888888888888889 0.008888888888888889 0.022222222222222223
0 0.302962962962963 0.09814814814814815 0.007407407407407408 0.018518518518518517
0 0.2911111111111111 0.04259259259259259 0.007407407407407408 0.025925925925925925
0 0.36444444444444446 0.21481481481481482 0.014814814814814815 0.022222222222222223
2 0.9851851851851852 0.9666666666666667 0.02074074074074074 0.022222222222222223
5 0.4822222222222222 0.30648148148148147 0.03111111111111111 0.03888888888888889
5 0.33037037037037037 0.14907407407407408 0.06814814814814815 0.10555555555555556
5 0.6711111111111111 0.8907407407407407 0.023703703703703703 0.037037037037037035
0 0.29555555555555557 0.8027777777777778 0.01925925925925926 0.03518518518518519
0 0.13333333333333333 0.3351851851851852 0.014814814814814815 0.044444444444444446
4 0.9274074074074075 0.49907407407407406 0.13333333333333333 0.987037037037037
4 0.8933333333333333 0.9259259259259259 0.20148148148148148 0.13703703703703704
3 0.17703703703703705 0.49907407407407406 0.3511111111111111 0.9944444444444445
