4 0.6659259259259259 0.5342592592592592 0.1111111111111111 0.1537037037037037
1 0.1237037037037037 0.5333333333333333 0.2474074074074074 0.9259259259259259
5 0.28 0.5148148148148148 0.02074074074074074 0.025925925925925925
5 0.3074074074074074 0.30648148148148147 0.016296296296296295 0.020370370370370372
5 0.31925925925925924 0.22685185185185186 0.01925925925925926 0.027777777777777776
5 0.2511111111111111 0.03796296296296296 0.08444444444444445 0.06851851851851852
5 0.28296296296296297 0.12129629629629629 0.06518518518518518 0.10185185185185185
5 0.4096296296296296 0.08888888888888889 0.016296296296296295 0.025925925925925925
5 0.43851851851851853 0.03888888888888889 0.017777777777777778 0.018518518518518517
5 0.92 0.12129629629629629 0.017777777777777778 0.020370370370370372
5 0.7474074074074074 0.014814814814814815 0.01925925925925926 0.018518518518518517
5 0.20592592592592593 0.09722222222222222 0.014814814814814815 0.024074074074074074
5 0.36 0.022222222222222223 0.017777777777777778 0.014814814814814815
5 0.7548148148148148 0.0824074074074074 0.03111111111111111 0.03148148148148148
5 0.7044444444444444 0.04351851851851852 0.025185185185185185 0.027777777777777776
0 0.7162962962962963 0.08796296296296297 0.013333333333333334 0.03148148148148148
0 0.6992592592592592 0.04351851851851852 0.011851851851851851 0.012962962962962963
0 0.7111111111111111 0.049074074074074076 0.011851851851851851 0.016666666666666666
0 0.6711111111111111 0.07314814814814814 0.008888888888888889 0.012962962962962963
0 0.6614814814814814 0.16018518518518518 0.022222222222222223 0.016666666666666666
0 0.7148148148148148 0.14537037037037037 0.054814814814814816 0.012962962962962963
0 0.6866666666666666 0.29907407407407405 0.016296296296296295 0.016666666666666666
0 0.7125925925925926 0.2935185185185185 0.023703703703703703 0.024074074074074074
0 0.7377777777777778 0.30185185185185187 0.023703703703703703 0.014814814814814815
0 0.6718518518518518 0.40185185185185185 0.03111111111111111 0.040740740740740744
0 0.7666666666666667 0.4166666666666667 0.04888888888888889 0.04814814814814815
0 0.8111111111111111 0.5351851851851852 0.022222222222222223 0.022222222222222223
0 0.84 0.5518518518518518 0.02962962962962963 0.03333333333333333
0 0.8014814814814815 0.6361111111111111 0.07703703703703704 0.09444444444444444
0 0.7585185185185185 0.6777777777777778 0.02962962962962963 0.025925925925925925
0 0.8614814814814815 0.6935185185185185 0.025185185185185185 0.03888888888888889
0 0.6666666666666666 0.7157407407407408 0.05925925925925926 0.06481481481481481
0 0.7044444444444444 0.7240740740740741 0.01037037037037037 0.014814814814814815
0 0.717037037037037 0.6962962962962963 0.014814814814814815 0.018518518518518517
0 0.7148148148148148 0.7462962962962963 0.028148148148148148 0.022222222222222223
0 0.6644444444444444 0.787962962962963 0.01925925925925926 0.024074074074074074
0 0.6525925925925926 0.7518518518518519 0.01037037037037037 0.014814814814814815
0 0.6755555555555556 0.8055555555555556 0.008888888888888889 0.011111111111111112
0 0.6911111111111111 0.812037037037037 0.01925925925925926 0.024074074074074074
0 0.76 0.8287037037037037 0.06222222222222222 0.024074074074074074
0 0.8192592592592592 0.7935185185185185 0.044444444444444446 0.05740740740740741
0 0.8429629629629629 0.7425925925925926 0.023703703703703703 0.040740740740740744
0 0.7496296296296296 0.5398148148148149 0.008888888888888889 0.009259259259259259
0 0.7622222222222222 0.5351851851851852 0.01037037037037037 0.011111111111111112
0 0.7474074074074074 0.562962962962963 0.007407407407407408 0.011111111111111112
0 0.6 0.9027777777777778 0.017777777777777778 0.016666666666666666
0 0.5207407407407407 0.9333333333333333 0.007407407407407408 0.011111111111111112
5 0.5844444444444444 0.9398148148148148 0.028148148148148148 0.024074074074074074
5 0.5622222222222222 0.9453703703703704 0.013333333333333334 0.020370370370370372
5 0.6022222222222222 0.9111111111111111 0.022222222222222223 0.025925925925925925
5 0.6207407407407407 0.8824074074074074 0.014814814814814815 0.024074074074074074
5 0.6762962962962963 0.937962962962963 0.022222222222222223 0.020370370370370372
5 0.6666666666666666 0.9851851851851852 0.02666666666666667 0.022222222222222223
5 0.7925925925925926 0.6935185185185185 0.023703703703703703 0.024074074074074074
5 0.7133333333333334 0.8083333333333333 0.016296296296296295 0.024074074074074074
5 0.7111111111111111 0.7712962962962963 0.02962962962962963 0.024074074074074074
5 0.6851851851851852 0.7759259259259259 0.01925925925925926 0.025925925925925925
