1 0.1288888888888889 0.5138888888888888 0.2518518518518518 0.9648148148148148
2 0.9866666666666667 0.9648148148148148 0.02074074074074074 0.025925925925925925
0 0.7125925925925926 0.39444444444444443 0.02074074074074074 0.037037037037037035
0 0.8288888888888889 0.7268518518518519 0.016296296296296295 0.027777777777777776
0 0.8548148148148148 0.674074074074074 0.008888888888888889 0.018518518518518517
0 0.9103703703703704 0.09814814814814815 0.03111111111111111 0.037037037037037035
0 0.8859259259259259 0.08425925925925926 0.008888888888888889 0.016666666666666666
0 0.7822222222222223 0.03888888888888889 0.023703703703703703 0.025925925925925925
0 0.6674074074074074 0.18981481481481483 0.025185185185185185 0.03888888888888889
0 0.5740740740740741 0.1574074074074074 0.01925925925925926 0.02962962962962963
0 0.56 0.09814814814814815 0.014814814814814815 0.025925925925925925
0 0.2288888888888889 0.08333333333333333 0.028148148148148148 0.040740740740740744
0 0.25407407407407406 0.05648148148148148 0.022222222222222223 0.03148148148148148
0 0.2851851851851852 0.07777777777777778 0.013333333333333334 0.025925925925925925
0 0.27555555555555555 0.12777777777777777 0.014814814814814815 0.02962962962962963
0 0.2985185185185185 0.1388888888888889 0.016296296296296295 0.03333333333333333
0 0.34074074074074073 0.21296296296296297 0.023703703703703703 0.05555555555555555
0 0.13407407407407407 0.4046296296296296 0.016296296296296295 0.05740740740740741
0 0.31037037037037035 0.8638888888888889 0.016296296296296295 0.046296296296296294
0 0.2859259259259259 0.9777777777777777 0.023703703703703703 0.037037037037037035
0 0.1688888888888889 0.6481481481481481 0.014814814814814815 0.040740740740740744
0 0.9288888888888889 0.14907407407407408 0.011851851851851851 0.016666666666666666
5 0.6733333333333333 0.9175925925925926 0.03111111111111111 0.03888888888888889
4 0.9674074074074074 0.5 0.056296296296296296 0.737037037037037
3 0.15925925925925927 0.49444444444444446 0.31555555555555553 0.9851851851851852
